Accuracy|Precision|Recall|F1 score|Kappa|ROC AUC|
0.7444852941176471|0.856|0.6750788643533123|0.7548500881834215|0.49571851575212733|0.8556122236273433

0,1,0,0,1,1,0,1,1,0,1,0,0,1,0,0,1,1,0,0,0,0,1,1,1,0,1,1,1,1,1,0,1,1,0,1,1,1,0,1,1,1,0,1,0,1,1,1,1,1,0,1,0,1,0,0,1,1,0,1,1,1,0,1,0,0,0,1,0,0,0,0,0,1,1,1,1,0,0,1,1,1,1,1,1,0,1,0,1,1,1,1,0,0,1,0,1,0,0,1,0,0,1,1,0,1,1,1,1,1,1,0,1,1,1,1,0,1,0,0,1,1,1,0,0,1,1,0,1,1,1,1,1,0,0,0,0,1,0,1,0,1,1,0,1,0,0,0,1,0,0,0,0,0,1,1,0,0,1,1,1,1,1,0,1,1,0,1,0,1,1,0,1,0,0,0,0,0,1,1,0,1,0,1,0,1,1,1,1,1,1,0,0,1,1,0,1,0,0,1,1,1,1,1,1,0,0,1,0,1,1,0,1,1,0,1,1,0,1,1,0,0,1,1,0,0,0,1,1,0,1,0,1,1,0,0,1,1,0,1,1,0,0,1,1,0,1,0,0,1,0,1,1,1,1,1,1,0,0,0,0,1,1,0,1,1,1,0,0,0,1,1,1,0,1,1,1,0,0,1,0,0,1,1,1,1,1,1,0,0,1,0,1,0,0,1,0,1,1,0,1,0,0,0,1,1,0,0,0,0,1,0,0,0,0,0,1,1,1,1,1,1,1,1,0,0,1,1,0,0,0,1,0,0,1,0,0,1,1,1,1,1,1,0,1,0,1,1,1,0,0,0,1,1,1,1,0,1,0,1,1,1,0,1,0,1,1,1,0,1,1,1,0,1,0,0,1,1,1,1,0,1,0,1,1,0,1,1,0,1,0,0,1,1,0,1,0,1,1,1,0,0,0,0,0,1,0,0,1,0,1,0,0,1,1,1,1,1,1,1,1,1,1,1,1,0,1,1,1,1,1,1,1,0,0,1,0,1,1,1,0,1,1,1,1,1,1,0,1,0,1,0,0,1,1,1,1,0,1,0,0,0,1,0,1,1,1,1,1,0,1,0,1,0,1,1,0,0,1,1,1,1,1,1,1,0,1,1,0,1,0,1,1,0,1,1,1,0,0,1,1,0,1,1,0,0,0,1,0,1,1,1,0,0,0,1,1,1,0,0,1,0,0,0,0,0,1,1,1,0,1,1,0,0,1,1,1,0,0,1,0,0,1,1
1,1,0,0,1,1,0,1,0,0,1,0,1,0,0,0,1,1,0,0,1,1,1,1,1,1,1,1,1,0,1,0,0,0,0,1,1,1,0,1,1,0,0,1,0,0,1,0,1,0,0,0,0,1,0,0,0,0,0,0,1,1,0,1,0,0,0,1,0,1,0,0,0,1,0,0,0,0,0,1,1,1,1,1,1,0,1,1,1,1,1,1,0,1,0,0,0,0,0,0,0,1,0,1,0,1,1,1,1,1,1,0,1,1,1,1,1,1,0,0,1,0,0,0,0,1,1,1,0,0,0,0,0,0,0,1,0,1,0,0,0,1,0,0,0,0,1,0,1,0,0,0,0,0,1,1,0,0,0,1,1,1,1,0,1,1,0,1,0,1,0,0,1,0,0,0,0,0,1,0,1,0,0,0,0,1,0,1,1,1,1,0,1,1,0,0,1,0,0,1,1,0,1,0,1,0,0,1,0,1,1,0,1,1,0,0,1,0,1,1,1,0,1,0,0,0,1,1,1,0,0,0,1,1,1,0,0,1,0,1,1,0,1,1,0,0,0,1,0,0,0,1,0,0,1,1,1,0,1,0,0,0,0,1,1,1,1,0,0,0,1,1,1,0,1,1,0,0,0,0,0,0,0,0,1,1,1,1,0,0,1,0,1,0,0,0,1,1,0,0,1,0,0,0,0,1,0,0,0,0,1,0,0,0,0,0,1,1,0,0,1,1,1,1,0,0,1,0,0,0,0,1,0,1,1,0,0,0,1,1,1,1,0,0,1,0,1,1,1,0,1,0,1,1,1,1,0,1,0,1,1,1,0,1,0,1,1,0,1,0,1,0,1,1,0,0,1,1,0,0,0,1,0,1,1,0,0,0,0,1,1,1,1,0,0,1,1,0,0,1,0,0,0,0,0,1,0,0,1,0,1,1,0,1,1,1,1,0,0,0,0,0,1,1,0,0,1,0,0,1,0,1,1,0,0,0,0,1,1,1,1,1,0,1,0,1,1,0,1,0,1,0,0,1,0,1,1,0,0,0,1,0,1,0,1,1,0,1,0,1,1,0,1,0,1,1,0,0,0,1,1,1,0,0,0,0,1,1,0,0,0,0,0,0,0,1,1,0,0,0,0,0,1,0,1,0,0,1,1,1,1,1,0,0,0,1,1,0,0,0,1,0,0,0,0,0,0,1,1,0,1,1,0,0,0,1,1,0,0,0,0,0,1,1

              precision    recall  f1-score   support

    Relevant       0.65      0.84      0.73       227
  Irrelevant       0.86      0.68      0.75       317

    accuracy                           0.74       544
   macro avg       0.75      0.76      0.74       544
weighted avg       0.77      0.74      0.75       544
