Accuracy|Precision|Recall|F1 score|Kappa|ROC AUC|
0.7095588235294118|0.760655737704918|0.7318611987381703|0.7459807073954984|0.4072194099228955|0.7899150905376674

0,1,0,0,1,1,0,1,1,0,1,0,0,1,0,0,1,1,0,0,0,0,1,1,1,0,1,1,1,1,1,0,1,1,0,1,1,1,0,1,1,1,0,1,0,1,1,1,1,1,0,1,0,1,0,0,1,1,0,1,1,1,0,1,0,0,0,1,0,0,0,0,0,1,1,1,1,0,0,1,1,1,1,1,1,0,1,0,1,1,1,1,0,0,1,0,1,0,0,1,0,0,1,1,0,1,1,1,1,1,1,0,1,1,1,1,0,1,0,0,1,1,1,0,0,1,1,0,1,1,1,1,1,0,0,0,0,1,0,1,0,1,1,0,1,0,0,0,1,0,0,0,0,0,1,1,0,0,1,1,1,1,1,0,1,1,0,1,0,1,1,0,1,0,0,0,0,0,1,1,0,1,0,1,0,1,1,1,1,1,1,0,0,1,1,0,1,0,0,1,1,1,1,1,1,0,0,1,0,1,1,0,1,1,0,1,1,0,1,1,0,0,1,1,0,0,0,1,1,0,1,0,1,1,0,0,1,1,0,1,1,0,0,1,1,0,1,0,0,1,0,1,1,1,1,1,1,0,0,0,0,1,1,0,1,1,1,0,0,0,1,1,1,0,1,1,1,0,0,1,0,0,1,1,1,1,1,1,0,0,1,0,1,0,0,1,0,1,1,0,1,0,0,0,1,1,0,0,0,0,1,0,0,0,0,0,1,1,1,1,1,1,1,1,0,0,1,1,0,0,0,1,0,0,1,0,0,1,1,1,1,1,1,0,1,0,1,1,1,0,0,0,1,1,1,1,0,1,0,1,1,1,0,1,0,1,1,1,0,1,1,1,0,1,0,0,1,1,1,1,0,1,0,1,1,0,1,1,0,1,0,0,1,1,0,1,0,1,1,1,0,0,0,0,0,1,0,0,1,0,1,0,0,1,1,1,1,1,1,1,1,1,1,1,1,0,1,1,1,1,1,1,1,0,0,1,0,1,1,1,0,1,1,1,1,1,1,0,1,0,1,0,0,1,1,1,1,0,1,0,0,0,1,0,1,1,1,1,1,0,1,0,1,0,1,1,0,0,1,1,1,1,1,1,1,0,1,1,0,1,0,1,1,0,1,1,1,0,0,1,1,0,1,1,0,0,0,1,0,1,1,1,0,0,0,1,1,1,0,0,1,0,0,0,0,0,1,1,1,0,1,1,0,0,1,1,1,0,0,1,0,0,1,1
1,1,0,0,1,1,0,1,1,0,1,0,1,0,0,0,1,1,0,0,1,1,1,1,1,1,1,1,1,0,1,0,1,0,0,1,1,0,0,1,1,0,0,1,0,0,1,1,1,0,1,1,0,1,0,0,0,1,1,1,0,1,0,1,0,0,0,1,0,0,0,1,1,1,0,1,1,0,0,1,1,1,1,1,1,0,1,1,0,1,1,1,0,1,0,0,0,0,0,0,0,1,0,1,0,1,1,1,1,1,1,1,1,1,1,1,0,1,0,0,1,0,0,0,1,1,1,1,0,1,1,0,1,1,1,0,0,0,1,0,0,0,0,0,0,1,1,0,1,1,0,0,1,0,1,1,0,0,1,1,1,1,0,1,1,1,0,1,0,1,1,0,1,0,0,0,0,0,1,1,1,0,1,0,0,1,1,1,1,1,1,0,0,0,0,1,1,0,0,1,1,0,1,1,1,0,0,1,0,1,1,0,1,1,0,1,0,0,1,1,1,0,1,0,0,0,1,1,1,0,1,0,0,0,0,0,0,1,0,1,1,0,1,0,1,1,0,0,1,0,0,1,1,0,1,1,1,0,0,0,1,1,0,1,0,1,1,1,1,0,1,1,1,0,1,1,1,1,0,0,0,0,1,1,1,1,1,1,1,0,0,0,1,0,1,1,1,1,1,0,1,0,1,0,1,1,0,0,0,0,1,0,0,0,0,1,1,0,0,0,1,1,1,1,0,0,1,1,0,0,0,1,1,1,1,1,0,1,1,1,1,1,0,1,1,0,1,0,1,0,1,0,1,1,1,1,0,1,0,1,1,1,1,0,1,1,1,1,1,1,1,0,1,1,0,0,1,1,1,1,0,0,0,0,1,0,0,0,0,1,1,1,0,0,0,0,1,1,0,1,0,0,0,0,0,1,0,1,1,1,1,1,1,1,1,1,0,0,0,1,0,1,1,1,1,0,1,1,1,1,1,1,1,0,0,0,0,1,1,1,0,1,0,1,1,1,1,0,1,1,1,0,0,1,0,1,1,0,0,0,1,0,1,1,1,0,0,1,0,0,1,1,0,1,1,1,0,0,0,1,0,1,1,1,0,1,1,0,0,0,0,0,0,1,1,1,1,0,1,0,1,0,1,0,1,1,0,1,1,1,0,1,0,0,0,1,1,0,1,0,0,0,0,1,0,0,0,1,1,1,1,1,1,0,0,1,1,0,0,0,0,1,1,1

              precision    recall  f1-score   support

    Relevant       0.64      0.68      0.66       227
  Irrelevant       0.76      0.73      0.75       317

    accuracy                           0.71       544
   macro avg       0.70      0.71      0.70       544
weighted avg       0.71      0.71      0.71       544
