Accuracy|Precision|Recall|F1 score|Kappa|ROC AUC|
0.7095588235294118|0.7713310580204779|0.7129337539432177|0.740983606557377|0.4116020208381823|0.7965230200530857

0,1,0,0,1,1,0,1,1,0,1,0,0,1,0,0,1,1,0,0,0,0,1,1,1,0,1,1,1,1,1,0,1,1,0,1,1,1,0,1,1,1,0,1,0,1,1,1,1,1,0,1,0,1,0,0,1,1,0,1,1,1,0,1,0,0,0,1,0,0,0,0,0,1,1,1,1,0,0,1,1,1,1,1,1,0,1,0,1,1,1,1,0,0,1,0,1,0,0,1,0,0,1,1,0,1,1,1,1,1,1,0,1,1,1,1,0,1,0,0,1,1,1,0,0,1,1,0,1,1,1,1,1,0,0,0,0,1,0,1,0,1,1,0,1,0,0,0,1,0,0,0,0,0,1,1,0,0,1,1,1,1,1,0,1,1,0,1,0,1,1,0,1,0,0,0,0,0,1,1,0,1,0,1,0,1,1,1,1,1,1,0,0,1,1,0,1,0,0,1,1,1,1,1,1,0,0,1,0,1,1,0,1,1,0,1,1,0,1,1,0,0,1,1,0,0,0,1,1,0,1,0,1,1,0,0,1,1,0,1,1,0,0,1,1,0,1,0,0,1,0,1,1,1,1,1,1,0,0,0,0,1,1,0,1,1,1,0,0,0,1,1,1,0,1,1,1,0,0,1,0,0,1,1,1,1,1,1,0,0,1,0,1,0,0,1,0,1,1,0,1,0,0,0,1,1,0,0,0,0,1,0,0,0,0,0,1,1,1,1,1,1,1,1,0,0,1,1,0,0,0,1,0,0,1,0,0,1,1,1,1,1,1,0,1,0,1,1,1,0,0,0,1,1,1,1,0,1,0,1,1,1,0,1,0,1,1,1,0,1,1,1,0,1,0,0,1,1,1,1,0,1,0,1,1,0,1,1,0,1,0,0,1,1,0,1,0,1,1,1,0,0,0,0,0,1,0,0,1,0,1,0,0,1,1,1,1,1,1,1,1,1,1,1,1,0,1,1,1,1,1,1,1,0,0,1,0,1,1,1,0,1,1,1,1,1,1,0,1,0,1,0,0,1,1,1,1,0,1,0,0,0,1,0,1,1,1,1,1,0,1,0,1,0,1,1,0,0,1,1,1,1,1,1,1,0,1,1,0,1,0,1,1,0,1,1,1,0,0,1,1,0,1,1,0,0,0,1,0,1,1,1,0,0,0,1,1,1,0,0,1,0,0,0,0,0,1,1,1,0,1,1,0,0,1,1,1,0,0,1,0,0,1,1
1,1,0,0,1,1,0,1,0,0,1,0,0,0,0,0,1,1,0,0,1,1,1,1,1,1,1,1,1,1,1,0,1,0,0,1,1,1,0,0,1,1,0,1,0,1,1,0,1,0,0,1,0,1,0,0,0,1,1,1,0,1,0,1,0,0,0,1,1,0,0,0,0,1,0,1,0,0,0,0,1,1,1,1,1,0,1,1,0,1,1,1,0,1,0,0,1,0,0,0,0,1,0,1,0,1,1,1,1,1,1,0,0,1,1,0,0,0,0,0,1,1,0,0,1,1,1,1,0,0,0,0,0,0,0,1,0,1,0,0,0,1,0,0,0,0,0,0,0,1,0,0,0,0,1,1,0,0,0,1,1,1,1,0,1,1,0,1,0,1,1,0,1,0,0,0,0,0,1,1,1,0,1,0,1,1,1,1,1,1,1,0,0,1,0,1,1,0,0,1,1,0,1,0,1,1,0,1,1,1,1,0,0,1,1,1,0,1,1,1,1,0,1,1,0,0,0,0,1,0,0,0,0,1,0,0,0,1,0,1,1,0,1,1,1,1,0,0,0,0,1,1,0,1,1,0,1,0,0,0,1,1,0,1,1,0,1,1,0,0,1,1,1,0,1,1,1,1,0,0,0,0,1,0,1,1,1,1,1,0,1,0,1,0,1,1,1,1,1,0,1,0,0,0,1,1,0,0,0,0,1,0,0,0,0,0,1,1,0,0,1,1,1,1,0,0,1,1,0,0,0,1,0,1,1,1,0,1,1,1,1,1,0,0,1,1,1,0,1,1,1,1,1,1,1,1,1,1,0,1,1,1,0,1,1,1,1,1,1,1,1,0,1,1,1,0,1,1,1,0,0,0,0,0,1,0,0,0,0,1,1,0,1,0,1,0,1,1,0,1,0,0,0,1,0,0,0,0,1,0,0,0,0,1,1,1,1,0,0,0,0,1,1,1,1,0,1,1,0,1,0,1,0,0,0,0,0,1,0,1,0,1,0,1,1,0,1,0,0,1,1,0,0,1,0,1,1,0,0,0,1,0,1,1,1,1,0,1,1,0,0,1,1,1,1,1,0,1,0,1,1,1,1,1,0,0,1,1,0,1,0,0,1,1,0,1,1,1,1,0,0,0,0,0,1,0,0,1,0,1,1,1,0,0,0,0,1,0,1,0,1,0,1,1,1,0,1,1,1,1,1,1,1,0,0,1,1,1,1,0,1,1,1,1

              precision    recall  f1-score   support

    Relevant       0.64      0.70      0.67       227
  Irrelevant       0.77      0.71      0.74       317

    accuracy                           0.71       544
   macro avg       0.70      0.71      0.71       544
weighted avg       0.72      0.71      0.71       544
