Accuracy|Precision|Recall|F1 score|Kappa|ROC AUC|
0.7139107611548556|0.9036144578313253|0.6172839506172839|0.7334963325183373|0.44740728913017447|0.8431740919663625

0,1,0,1,1,1,1,0,0,1,1,0,0,1,1,1,0,1,1,1,1,1,0,1,1,1,1,1,0,1,1,1,1,1,1,1,1,1,1,1,1,0,1,0,1,0,0,0,1,1,1,1,0,1,1,1,1,1,0,1,0,0,1,1,1,0,1,1,1,1,0,1,1,1,0,0,0,1,1,1,0,1,1,1,1,1,0,0,0,1,0,1,1,1,0,1,0,1,0,0,0,0,1,1,1,1,1,1,0,1,0,1,1,1,0,0,0,1,0,1,0,1,1,1,1,1,1,0,1,0,1,0,0,1,1,1,1,1,0,0,1,0,1,1,0,1,1,0,1,0,1,1,0,0,0,1,0,0,1,0,1,1,0,1,1,1,0,0,1,1,1,1,1,1,0,0,0,1,0,1,0,0,0,1,1,1,1,1,1,0,1,1,1,1,1,0,0,1,0,1,0,1,1,1,0,1,0,0,0,0,0,1,0,0,0,0,1,1,1,1,1,1,0,1,0,0,1,0,0,1,0,1,1,1,1,1,1,0,1,1,1,0,0,0,1,1,1,1,0,1,0,1,1,1,0,1,0,1,1,0,1,1,1,0,1,0,1,1,1,1,1,0,1,1,1,1,0,1,0,0,1,0,1,1,1,0,0,0,0,1,0,1,1,1,1,1,1,1,1,1,0,1,1,1,1,1,1,0,1,1,0,1,1,1,1,0,1,1,0,1,1,1,0,0,1,0,1,1,1,1,1,0,1,1,1,1,1,1,1,1,1,1,0,1,0,1,0,1,1,0,0,0,1,1,0,0,1,0,1,1,0,0,0,1,1,1,0,0,1,0,0,1,0,1,1,0,1,0,0,1,1
0,0,0,1,1,0,1,0,0,1,1,0,1,1,1,1,1,1,1,1,0,1,0,1,0,1,0,1,0,1,0,1,1,0,1,0,1,0,1,0,1,0,1,0,0,0,0,0,1,0,0,0,0,0,1,1,1,1,0,0,0,0,0,0,1,0,1,1,1,1,0,1,1,1,0,0,0,1,0,0,0,1,0,0,1,0,0,0,1,1,0,0,1,0,0,0,1,0,0,0,0,0,1,1,1,1,1,1,0,1,0,1,0,1,0,0,0,1,1,0,0,0,1,0,1,1,1,0,1,0,1,0,0,1,1,0,1,1,0,0,1,0,1,1,0,0,1,0,0,0,1,1,0,0,0,1,0,0,0,0,1,1,1,1,0,0,0,0,1,0,1,1,0,1,0,0,0,0,1,1,0,0,0,1,1,1,1,1,0,0,0,0,1,1,1,0,0,1,0,1,0,0,1,0,0,1,0,0,0,0,0,1,0,0,0,0,1,0,0,1,1,1,0,1,0,0,1,0,0,1,0,0,1,1,1,0,0,0,1,0,1,1,1,0,1,1,1,1,0,1,0,1,1,1,0,0,0,1,0,1,0,1,0,0,1,1,1,1,1,0,0,0,0,1,0,0,0,1,1,0,0,1,0,0,1,0,0,0,0,0,0,1,1,1,0,0,0,0,1,1,0,1,0,0,1,1,0,0,0,1,0,1,0,0,1,0,0,1,0,1,0,1,0,0,1,1,1,0,0,1,0,0,0,1,0,1,0,1,0,0,0,1,0,0,0,0,0,1,1,0,0,0,0,0,0,0,1,1,1,1,0,0,0,0,1,0,0,0,0,0,1,0,0,1,1,0,1,0,0,1,1

              precision    recall  f1-score   support

    Relevant       0.57      0.88      0.69       138
  Irrelevant       0.90      0.62      0.73       243

    accuracy                           0.71       381
   macro avg       0.74      0.75      0.71       381
weighted avg       0.78      0.71      0.72       381
