Accuracy|Precision|Recall|F1 score|Kappa|ROC AUC|
0.7113970588235294|0.7836879432624113|0.6971608832807571|0.7378964941569282|0.419261838061305|0.8047221334370962

0,1,0,0,1,1,0,1,1,0,1,0,0,1,0,0,1,1,0,0,0,0,1,1,1,0,1,1,1,1,1,0,1,1,0,1,1,1,0,1,1,1,0,1,0,1,1,1,1,1,0,1,0,1,0,0,1,1,0,1,1,1,0,1,0,0,0,1,0,0,0,0,0,1,1,1,1,0,0,1,1,1,1,1,1,0,1,0,1,1,1,1,0,0,1,0,1,0,0,1,0,0,1,1,0,1,1,1,1,1,1,0,1,1,1,1,0,1,0,0,1,1,1,0,0,1,1,0,1,1,1,1,1,0,0,0,0,1,0,1,0,1,1,0,1,0,0,0,1,0,0,0,0,0,1,1,0,0,1,1,1,1,1,0,1,1,0,1,0,1,1,0,1,0,0,0,0,0,1,1,0,1,0,1,0,1,1,1,1,1,1,0,0,1,1,0,1,0,0,1,1,1,1,1,1,0,0,1,0,1,1,0,1,1,0,1,1,0,1,1,0,0,1,1,0,0,0,1,1,0,1,0,1,1,0,0,1,1,0,1,1,0,0,1,1,0,1,0,0,1,0,1,1,1,1,1,1,0,0,0,0,1,1,0,1,1,1,0,0,0,1,1,1,0,1,1,1,0,0,1,0,0,1,1,1,1,1,1,0,0,1,0,1,0,0,1,0,1,1,0,1,0,0,0,1,1,0,0,0,0,1,0,0,0,0,0,1,1,1,1,1,1,1,1,0,0,1,1,0,0,0,1,0,0,1,0,0,1,1,1,1,1,1,0,1,0,1,1,1,0,0,0,1,1,1,1,0,1,0,1,1,1,0,1,0,1,1,1,0,1,1,1,0,1,0,0,1,1,1,1,0,1,0,1,1,0,1,1,0,1,0,0,1,1,0,1,0,1,1,1,0,0,0,0,0,1,0,0,1,0,1,0,0,1,1,1,1,1,1,1,1,1,1,1,1,0,1,1,1,1,1,1,1,0,0,1,0,1,1,1,0,1,1,1,1,1,1,0,1,0,1,0,0,1,1,1,1,0,1,0,0,0,1,0,1,1,1,1,1,0,1,0,1,0,1,1,0,0,1,1,1,1,1,1,1,0,1,1,0,1,0,1,1,0,1,1,1,0,0,1,1,0,1,1,0,0,0,1,0,1,1,1,0,0,0,1,1,1,0,0,1,0,0,0,0,0,1,1,1,0,1,1,0,0,1,1,1,0,0,1,0,0,1,1
0,1,0,0,1,1,0,1,0,0,1,0,1,0,0,0,1,1,0,0,1,1,1,1,1,1,1,1,0,0,1,0,0,0,0,1,1,1,0,1,1,0,0,1,0,1,1,0,1,0,0,1,0,1,0,0,0,1,0,0,1,1,0,1,0,0,0,1,0,0,0,0,0,1,0,1,0,0,1,0,1,0,1,1,1,0,1,1,0,1,1,1,0,1,0,0,0,0,0,1,0,0,0,1,0,1,1,1,1,1,1,0,1,1,1,0,1,0,0,0,1,1,0,0,1,1,1,1,0,0,1,0,1,0,0,1,0,1,1,0,0,1,1,0,0,1,0,0,0,0,1,0,0,0,1,1,0,0,0,1,1,1,1,0,1,1,0,1,0,1,1,0,1,0,0,0,0,0,1,1,1,0,1,0,0,1,1,1,1,0,1,0,0,1,0,1,1,0,0,1,1,0,1,0,1,0,0,1,0,1,1,0,1,1,1,1,1,1,1,1,1,0,1,1,0,0,0,1,1,0,0,0,0,1,0,1,0,1,0,1,1,0,1,0,0,1,0,0,0,0,0,1,0,1,1,0,1,0,0,0,1,1,0,1,0,0,1,1,0,0,1,1,1,0,1,0,1,0,0,0,0,0,1,1,1,1,1,1,1,0,1,0,1,0,0,0,1,1,0,0,1,0,0,0,1,1,0,0,0,0,1,0,0,0,0,0,1,1,0,0,1,1,1,1,1,0,1,1,0,0,0,1,1,1,1,0,0,1,1,1,1,1,0,0,1,1,1,0,1,1,1,1,1,1,1,1,1,1,0,1,1,1,1,1,0,1,1,1,1,0,1,0,1,1,1,0,1,1,1,0,0,0,0,0,1,0,1,0,0,1,1,1,1,0,1,0,1,1,0,1,0,0,0,0,0,1,0,0,1,0,0,1,0,1,1,1,1,0,1,0,0,1,0,1,0,0,1,1,0,1,0,1,1,1,0,0,0,1,0,1,1,1,0,1,1,0,1,0,0,1,1,0,0,0,1,1,1,0,0,0,1,0,1,1,1,0,0,1,0,0,0,1,1,1,1,1,0,0,0,1,1,1,0,1,0,1,1,1,0,1,0,0,0,1,0,0,1,0,0,0,1,0,1,0,1,0,0,1,1,1,1,1,0,0,0,0,1,0,1,0,1,0,0,1,0,0,1,1,1,1,1,1,0,0,0,1,1,0,0,0,1,1,1,1

              precision    recall  f1-score   support

    Relevant       0.63      0.73      0.68       227
  Irrelevant       0.78      0.70      0.74       317

    accuracy                           0.71       544
   macro avg       0.71      0.71      0.71       544
weighted avg       0.72      0.71      0.71       544
