Accuracy|Precision|Recall|F1 score|Kappa|ROC AUC|
0.6783088235294118|0.7052023121387283|0.7697160883280757|0.7360482654600302|0.3262943357771676|0.7451743353854279

0,1,0,0,1,1,0,1,1,0,1,0,0,1,0,0,1,1,0,0,0,0,1,1,1,0,1,1,1,1,1,0,1,1,0,1,1,1,0,1,1,1,0,1,0,1,1,1,1,1,0,1,0,1,0,0,1,1,0,1,1,1,0,1,0,0,0,1,0,0,0,0,0,1,1,1,1,0,0,1,1,1,1,1,1,0,1,0,1,1,1,1,0,0,1,0,1,0,0,1,0,0,1,1,0,1,1,1,1,1,1,0,1,1,1,1,0,1,0,0,1,1,1,0,0,1,1,0,1,1,1,1,1,0,0,0,0,1,0,1,0,1,1,0,1,0,0,0,1,0,0,0,0,0,1,1,0,0,1,1,1,1,1,0,1,1,0,1,0,1,1,0,1,0,0,0,0,0,1,1,0,1,0,1,0,1,1,1,1,1,1,0,0,1,1,0,1,0,0,1,1,1,1,1,1,0,0,1,0,1,1,0,1,1,0,1,1,0,1,1,0,0,1,1,0,0,0,1,1,0,1,0,1,1,0,0,1,1,0,1,1,0,0,1,1,0,1,0,0,1,0,1,1,1,1,1,1,0,0,0,0,1,1,0,1,1,1,0,0,0,1,1,1,0,1,1,1,0,0,1,0,0,1,1,1,1,1,1,0,0,1,0,1,0,0,1,0,1,1,0,1,0,0,0,1,1,0,0,0,0,1,0,0,0,0,0,1,1,1,1,1,1,1,1,0,0,1,1,0,0,0,1,0,0,1,0,0,1,1,1,1,1,1,0,1,0,1,1,1,0,0,0,1,1,1,1,0,1,0,1,1,1,0,1,0,1,1,1,0,1,1,1,0,1,0,0,1,1,1,1,0,1,0,1,1,0,1,1,0,1,0,0,1,1,0,1,0,1,1,1,0,0,0,0,0,1,0,0,1,0,1,0,0,1,1,1,1,1,1,1,1,1,1,1,1,0,1,1,1,1,1,1,1,0,0,1,0,1,1,1,0,1,1,1,1,1,1,0,1,0,1,0,0,1,1,1,1,0,1,0,0,0,1,0,1,1,1,1,1,0,1,0,1,0,1,1,0,0,1,1,1,1,1,1,1,0,1,1,0,1,0,1,1,0,1,1,1,0,0,1,1,0,1,1,0,0,0,1,0,1,1,1,0,0,0,1,1,1,0,0,1,0,0,0,0,0,1,1,1,0,1,1,0,0,1,1,1,0,0,1,0,0,1,1
1,1,0,0,1,1,0,0,1,0,0,0,1,0,0,0,1,1,1,0,1,1,1,1,1,1,1,1,1,1,1,0,1,1,0,1,1,0,0,0,1,1,1,1,0,1,1,1,1,0,1,1,0,1,0,0,1,1,0,1,1,1,1,0,0,0,1,1,0,1,0,0,1,1,1,1,0,1,1,1,0,0,1,1,1,1,1,1,0,1,1,0,0,1,1,0,0,0,0,1,1,1,0,1,0,0,1,1,1,1,1,0,1,1,1,0,1,1,0,0,1,1,0,0,1,1,1,1,0,1,1,0,1,0,1,1,0,1,1,0,1,1,1,0,0,0,0,1,0,1,0,1,1,0,1,1,0,0,1,0,1,1,1,0,0,1,0,1,0,1,1,0,1,0,0,0,1,1,1,1,1,0,1,0,1,1,1,1,1,1,1,1,0,1,0,1,1,0,0,1,1,0,1,0,1,0,0,1,0,1,1,0,1,1,1,1,0,1,1,1,1,0,1,1,1,0,1,1,1,0,1,0,0,1,1,0,0,1,0,1,1,1,1,0,1,1,0,1,1,0,1,1,1,1,1,1,1,0,0,0,1,1,0,1,1,0,1,1,1,0,1,1,1,0,0,1,1,1,0,0,0,1,1,1,1,0,1,1,1,0,1,0,1,0,1,1,0,1,1,0,1,0,1,1,1,0,0,0,1,0,1,1,0,0,1,1,1,1,0,0,1,1,1,0,0,0,1,1,0,0,0,1,1,1,1,1,0,0,1,1,1,1,0,0,1,1,1,1,1,1,1,0,1,1,1,1,1,1,0,0,1,1,1,0,1,1,0,1,1,1,1,1,1,1,0,0,1,1,1,1,0,0,0,0,1,0,0,1,0,1,1,1,1,0,0,0,1,1,0,1,0,0,0,1,0,0,0,1,1,1,0,1,0,1,1,1,1,0,0,1,0,1,1,1,1,0,1,1,1,1,1,1,1,1,0,0,0,1,1,1,1,1,1,1,0,1,1,0,1,1,1,0,1,1,1,1,1,1,0,0,1,0,1,1,1,1,1,1,1,0,1,1,1,1,1,1,0,0,0,1,1,1,1,1,0,1,1,1,0,0,0,0,1,0,1,0,1,0,1,1,1,0,1,0,1,0,0,1,1,1,0,1,0,0,0,1,1,0,1,1,1,0,1,0,0,0,1,1,1,1,1,1,1,0,0,1,1,1,0,0,1,1,1,1

              precision    recall  f1-score   support

    Relevant       0.63      0.55      0.59       227
  Irrelevant       0.71      0.77      0.74       317

    accuracy                           0.68       544
   macro avg       0.67      0.66      0.66       544
weighted avg       0.67      0.68      0.67       544
