Accuracy|Precision|Recall|F1 score|Kappa|ROC AUC|
0.5669291338582677|0.8|0.4279835390946502|0.5576407506702412|0.2035650488388887|0.726978588894853

0,1,0,1,1,1,1,0,0,1,1,0,0,1,1,1,0,1,1,1,1,1,0,1,1,1,1,1,0,1,1,1,1,1,1,1,1,1,1,1,1,0,1,0,1,0,0,0,1,1,1,1,0,1,1,1,1,1,0,1,0,0,1,1,1,0,1,1,1,1,0,1,1,1,0,0,0,1,1,1,0,1,1,1,1,1,0,0,0,1,0,1,1,1,0,1,0,1,0,0,0,0,1,1,1,1,1,1,0,1,0,1,1,1,0,0,0,1,0,1,0,1,1,1,1,1,1,0,1,0,1,0,0,1,1,1,1,1,0,0,1,0,1,1,0,1,1,0,1,0,1,1,0,0,0,1,0,0,1,0,1,1,0,1,1,1,0,0,1,1,1,1,1,1,0,0,0,1,0,1,0,0,0,1,1,1,1,1,1,0,1,1,1,1,1,0,0,1,0,1,0,1,1,1,0,1,0,0,0,0,0,1,0,0,0,0,1,1,1,1,1,1,0,1,0,0,1,0,0,1,0,1,1,1,1,1,1,0,1,1,1,0,0,0,1,1,1,1,0,1,0,1,1,1,0,1,0,1,1,0,1,1,1,0,1,0,1,1,1,1,1,0,1,1,1,1,0,1,0,0,1,0,1,1,1,0,0,0,0,1,0,1,1,1,1,1,1,1,1,1,0,1,1,1,1,1,1,0,1,1,0,1,1,1,1,0,1,1,0,1,1,1,0,0,1,0,1,1,1,1,1,0,1,1,1,1,1,1,1,1,1,1,0,1,0,1,0,1,1,0,0,0,1,1,0,0,1,0,1,1,0,0,0,1,1,1,0,0,1,0,0,1,0,1,1,0,1,0,0,1,1
0,0,0,1,0,0,0,0,0,1,0,0,1,1,0,1,1,1,0,0,1,1,0,1,0,1,1,0,0,1,0,1,1,0,1,0,0,0,0,0,0,0,1,0,0,0,0,0,0,0,0,0,0,0,1,1,0,1,0,0,0,0,0,0,1,0,1,1,1,1,0,1,1,1,1,0,0,0,0,0,1,1,0,0,0,0,0,0,1,0,0,0,0,0,0,0,0,0,1,0,0,0,1,1,0,0,1,1,0,1,0,1,0,0,0,0,0,1,0,0,0,0,0,1,0,1,1,0,0,0,1,0,0,1,1,0,1,0,0,0,1,0,1,0,0,0,1,1,0,0,1,1,0,0,0,0,1,0,0,1,1,1,1,0,0,0,1,1,0,0,0,0,0,1,1,0,0,0,0,1,1,0,0,0,0,1,0,0,0,0,0,1,1,1,1,0,0,0,0,1,1,1,0,0,0,1,0,0,0,0,0,0,0,0,0,0,0,0,0,1,0,1,0,0,0,1,0,1,1,0,0,0,1,0,1,0,0,0,1,0,1,0,1,0,1,0,1,1,1,1,0,1,1,1,0,0,0,1,0,1,0,0,0,0,1,0,0,1,0,1,1,0,1,1,0,0,0,0,1,0,0,1,1,0,1,0,0,0,0,0,0,0,0,0,0,0,0,0,1,1,0,1,0,0,1,1,0,0,0,1,0,1,0,1,1,0,0,1,1,1,0,1,0,0,0,1,0,0,0,0,0,0,0,1,0,1,0,1,1,0,0,0,0,0,0,1,0,1,1,0,0,0,0,0,0,0,0,1,1,1,0,0,0,0,1,0,0,0,0,0,0,1,0,1,0,0,0,0,0,0,0

              precision    recall  f1-score   support

    Relevant       0.45      0.81      0.58       138
  Irrelevant       0.80      0.43      0.56       243

    accuracy                           0.57       381
   macro avg       0.62      0.62      0.57       381
weighted avg       0.67      0.57      0.56       381
