Accuracy|Precision|Recall|F1 score|Kappa|ROC AUC|
0.7297794117647058|0.8125|0.6971608832807571|0.7504244482173174|0.4595588235294118|0.8159646465348322

0,1,0,0,1,1,0,1,1,0,1,0,0,1,0,0,1,1,0,0,0,0,1,1,1,0,1,1,1,1,1,0,1,1,0,1,1,1,0,1,1,1,0,1,0,1,1,1,1,1,0,1,0,1,0,0,1,1,0,1,1,1,0,1,0,0,0,1,0,0,0,0,0,1,1,1,1,0,0,1,1,1,1,1,1,0,1,0,1,1,1,1,0,0,1,0,1,0,0,1,0,0,1,1,0,1,1,1,1,1,1,0,1,1,1,1,0,1,0,0,1,1,1,0,0,1,1,0,1,1,1,1,1,0,0,0,0,1,0,1,0,1,1,0,1,0,0,0,1,0,0,0,0,0,1,1,0,0,1,1,1,1,1,0,1,1,0,1,0,1,1,0,1,0,0,0,0,0,1,1,0,1,0,1,0,1,1,1,1,1,1,0,0,1,1,0,1,0,0,1,1,1,1,1,1,0,0,1,0,1,1,0,1,1,0,1,1,0,1,1,0,0,1,1,0,0,0,1,1,0,1,0,1,1,0,0,1,1,0,1,1,0,0,1,1,0,1,0,0,1,0,1,1,1,1,1,1,0,0,0,0,1,1,0,1,1,1,0,0,0,1,1,1,0,1,1,1,0,0,1,0,0,1,1,1,1,1,1,0,0,1,0,1,0,0,1,0,1,1,0,1,0,0,0,1,1,0,0,0,0,1,0,0,0,0,0,1,1,1,1,1,1,1,1,0,0,1,1,0,0,0,1,0,0,1,0,0,1,1,1,1,1,1,0,1,0,1,1,1,0,0,0,1,1,1,1,0,1,0,1,1,1,0,1,0,1,1,1,0,1,1,1,0,1,0,0,1,1,1,1,0,1,0,1,1,0,1,1,0,1,0,0,1,1,0,1,0,1,1,1,0,0,0,0,0,1,0,0,1,0,1,0,0,1,1,1,1,1,1,1,1,1,1,1,1,0,1,1,1,1,1,1,1,0,0,1,0,1,1,1,0,1,1,1,1,1,1,0,1,0,1,0,0,1,1,1,1,0,1,0,0,0,1,0,1,1,1,1,1,0,1,0,1,0,1,1,0,0,1,1,1,1,1,1,1,0,1,1,0,1,0,1,1,0,1,1,1,0,0,1,1,0,1,1,0,0,0,1,0,1,1,1,0,0,0,1,1,1,0,0,1,0,0,0,0,0,1,1,1,0,1,1,0,0,1,1,1,0,0,1,0,0,1,1
0,1,0,0,1,1,0,1,1,0,1,0,1,0,0,0,1,1,0,0,1,1,1,1,0,1,1,1,0,0,1,0,0,0,0,1,1,1,0,1,1,0,0,1,0,0,1,0,1,0,0,1,0,1,0,0,0,1,0,1,0,1,0,1,0,0,0,0,0,1,0,0,0,1,0,1,0,0,0,1,1,0,1,1,1,0,1,1,0,1,1,1,0,1,0,0,0,0,0,0,0,1,0,1,0,1,1,1,1,1,1,0,1,1,1,0,0,1,0,0,1,1,0,0,0,1,1,1,0,0,1,0,1,0,0,1,0,1,1,0,0,1,0,0,0,1,0,0,0,0,0,0,0,0,1,1,0,0,1,1,1,1,0,0,1,1,0,1,0,1,1,0,1,0,0,0,0,0,1,1,1,0,1,0,1,1,1,1,1,1,1,0,0,1,0,1,1,0,0,1,1,0,1,0,1,0,0,1,0,1,1,0,1,1,0,1,0,0,1,1,1,0,1,1,0,0,1,1,1,0,1,0,0,1,0,1,0,1,0,1,1,0,1,0,1,1,0,0,0,0,0,1,0,0,1,0,1,0,0,0,1,1,0,1,0,0,1,0,0,0,1,1,1,0,1,1,1,0,0,0,0,0,0,0,1,1,1,1,1,0,0,0,1,0,1,1,1,1,1,0,1,0,0,0,1,1,0,0,0,0,1,0,0,0,0,0,1,1,0,0,1,1,1,1,0,0,1,1,0,0,0,1,1,1,1,0,0,0,1,1,1,1,0,0,1,0,1,0,1,1,1,0,1,1,1,1,0,1,0,1,0,1,1,1,0,1,1,1,0,0,1,0,1,1,0,0,1,1,1,1,0,0,0,0,1,0,0,0,0,1,1,1,0,0,1,1,1,1,0,1,0,0,0,0,0,1,0,1,1,0,0,1,0,1,1,1,0,1,0,0,1,1,1,1,0,0,1,1,0,1,0,1,1,1,0,0,0,1,0,1,0,1,0,1,1,1,1,0,0,1,1,0,0,0,0,1,1,0,0,0,0,0,1,0,1,0,0,1,0,0,0,1,1,1,1,1,0,0,0,1,1,1,1,1,0,0,1,1,0,1,0,0,0,1,1,1,1,0,0,0,0,0,1,0,1,0,0,1,1,1,1,1,0,0,0,0,1,0,1,0,1,0,0,1,0,0,1,1,1,1,1,1,1,0,0,1,1,0,0,0,1,1,1,1

              precision    recall  f1-score   support

    Relevant       0.65      0.78      0.71       227
  Irrelevant       0.81      0.70      0.75       317

    accuracy                           0.73       544
   macro avg       0.73      0.74      0.73       544
weighted avg       0.74      0.73      0.73       544
