Accuracy|Precision|Recall|F1 score|Kappa|ROC AUC|
0.6654411764705882|0.7129337539432177|0.7129337539432177|0.7129337539432177|0.3120526966744952|0.7418529996247863

0,1,0,0,1,1,0,1,1,0,1,0,0,1,0,0,1,1,0,0,0,0,1,1,1,0,1,1,1,1,1,0,1,1,0,1,1,1,0,1,1,1,0,1,0,1,1,1,1,1,0,1,0,1,0,0,1,1,0,1,1,1,0,1,0,0,0,1,0,0,0,0,0,1,1,1,1,0,0,1,1,1,1,1,1,0,1,0,1,1,1,1,0,0,1,0,1,0,0,1,0,0,1,1,0,1,1,1,1,1,1,0,1,1,1,1,0,1,0,0,1,1,1,0,0,1,1,0,1,1,1,1,1,0,0,0,0,1,0,1,0,1,1,0,1,0,0,0,1,0,0,0,0,0,1,1,0,0,1,1,1,1,1,0,1,1,0,1,0,1,1,0,1,0,0,0,0,0,1,1,0,1,0,1,0,1,1,1,1,1,1,0,0,1,1,0,1,0,0,1,1,1,1,1,1,0,0,1,0,1,1,0,1,1,0,1,1,0,1,1,0,0,1,1,0,0,0,1,1,0,1,0,1,1,0,0,1,1,0,1,1,0,0,1,1,0,1,0,0,1,0,1,1,1,1,1,1,0,0,0,0,1,1,0,1,1,1,0,0,0,1,1,1,0,1,1,1,0,0,1,0,0,1,1,1,1,1,1,0,0,1,0,1,0,0,1,0,1,1,0,1,0,0,0,1,1,0,0,0,0,1,0,0,0,0,0,1,1,1,1,1,1,1,1,0,0,1,1,0,0,0,1,0,0,1,0,0,1,1,1,1,1,1,0,1,0,1,1,1,0,0,0,1,1,1,1,0,1,0,1,1,1,0,1,0,1,1,1,0,1,1,1,0,1,0,0,1,1,1,1,0,1,0,1,1,0,1,1,0,1,0,0,1,1,0,1,0,1,1,1,0,0,0,0,0,1,0,0,1,0,1,0,0,1,1,1,1,1,1,1,1,1,1,1,1,0,1,1,1,1,1,1,1,0,0,1,0,1,1,1,0,1,1,1,1,1,1,0,1,0,1,0,0,1,1,1,1,0,1,0,0,0,1,0,1,1,1,1,1,0,1,0,1,0,1,1,0,0,1,1,1,1,1,1,1,0,1,1,0,1,0,1,1,0,1,1,1,0,0,1,1,0,1,1,0,0,0,1,0,1,1,1,0,0,0,1,1,1,0,0,1,0,0,0,0,0,1,1,1,0,1,1,0,0,1,1,1,0,0,1,0,0,1,1
1,1,0,1,1,1,0,1,1,0,1,0,0,0,1,0,1,1,1,0,1,1,1,1,0,1,1,1,1,1,1,0,1,0,0,1,1,0,1,1,1,1,0,1,0,1,1,0,1,1,0,0,0,1,0,0,0,1,0,1,1,1,0,1,1,0,0,1,1,0,0,0,0,1,0,1,1,0,0,1,1,0,1,1,1,0,1,1,0,1,0,1,1,0,1,0,1,0,0,1,1,0,0,1,0,1,1,1,1,0,1,0,0,1,1,0,1,0,0,0,1,0,0,0,1,1,1,0,1,0,1,0,0,1,0,1,0,0,1,0,0,1,0,1,1,0,1,0,1,0,1,1,1,0,1,1,0,0,0,0,1,1,1,0,1,1,0,1,0,1,1,0,0,0,0,0,0,1,1,0,1,0,1,1,0,1,0,1,0,0,1,0,0,1,1,1,1,0,1,1,1,1,1,0,0,1,0,1,1,1,1,0,1,1,1,0,1,0,1,1,1,0,0,0,0,0,0,0,1,0,0,0,0,1,0,0,0,1,0,1,1,0,1,1,1,0,0,1,0,0,1,1,0,1,0,0,1,0,0,0,1,1,0,1,0,1,1,1,1,0,1,1,1,1,0,1,1,1,0,0,0,0,1,0,1,1,1,1,1,1,1,1,1,0,0,1,1,1,0,0,1,0,0,0,1,1,0,0,0,0,1,0,0,1,1,0,1,1,0,0,1,1,1,1,0,0,1,1,0,0,0,1,1,1,1,0,1,1,1,0,1,1,1,0,1,1,1,0,1,1,1,1,1,0,1,1,1,0,1,1,1,1,1,0,0,1,1,1,1,1,1,0,0,1,1,0,1,1,0,1,0,1,0,1,1,0,1,0,0,1,0,1,1,1,0,0,1,1,0,1,0,0,0,0,1,1,0,1,1,1,0,0,0,1,1,1,1,0,1,1,1,1,0,1,0,1,0,1,0,1,0,1,0,1,0,1,0,1,0,1,1,1,1,1,1,0,1,1,1,1,1,0,0,1,0,1,1,0,1,0,1,0,1,1,1,1,0,1,0,1,1,0,1,1,1,1,1,1,0,1,1,1,1,1,0,0,1,1,0,1,0,0,1,1,0,0,0,1,1,0,0,1,0,1,0,1,0,1,0,1,1,1,0,1,0,0,1,1,1,1,1,0,1,1,1,0,1,0,1,1,1,0,1,0,0,1,1,1,1,0,0,1,1,1

              precision    recall  f1-score   support

    Relevant       0.60      0.60      0.60       227
  Irrelevant       0.71      0.71      0.71       317

    accuracy                           0.67       544
   macro avg       0.66      0.66      0.66       544
weighted avg       0.67      0.67      0.67       544
