Accuracy|Precision|Recall|F1 score|Kappa|ROC AUC|
0.7959558823529411|0.8140243902439024|0.8422712933753943|0.827906976744186|0.5775215493115415|0.8656179213163051

0,1,0,0,1,1,0,1,1,0,1,0,0,1,0,0,1,1,0,0,0,0,1,1,1,0,1,1,1,1,1,0,1,1,0,1,1,1,0,1,1,1,0,1,0,1,1,1,1,1,0,1,0,1,0,0,1,1,0,1,1,1,0,1,0,0,0,1,0,0,0,0,0,1,1,1,1,0,0,1,1,1,1,1,1,0,1,0,1,1,1,1,0,0,1,0,1,0,0,1,0,0,1,1,0,1,1,1,1,1,1,0,1,1,1,1,0,1,0,0,1,1,1,0,0,1,1,0,1,1,1,1,1,0,0,0,0,1,0,1,0,1,1,0,1,0,0,0,1,0,0,0,0,0,1,1,0,0,1,1,1,1,1,0,1,1,0,1,0,1,1,0,1,0,0,0,0,0,1,1,0,1,0,1,0,1,1,1,1,1,1,0,0,1,1,0,1,0,0,1,1,1,1,1,1,0,0,1,0,1,1,0,1,1,0,1,1,0,1,1,0,0,1,1,0,0,0,1,1,0,1,0,1,1,0,0,1,1,0,1,1,0,0,1,1,0,1,0,0,1,0,1,1,1,1,1,1,0,0,0,0,1,1,0,1,1,1,0,0,0,1,1,1,0,1,1,1,0,0,1,0,0,1,1,1,1,1,1,0,0,1,0,1,0,0,1,0,1,1,0,1,0,0,0,1,1,0,0,0,0,1,0,0,0,0,0,1,1,1,1,1,1,1,1,0,0,1,1,0,0,0,1,0,0,1,0,0,1,1,1,1,1,1,0,1,0,1,1,1,0,0,0,1,1,1,1,0,1,0,1,1,1,0,1,0,1,1,1,0,1,1,1,0,1,0,0,1,1,1,1,0,1,0,1,1,0,1,1,0,1,0,0,1,1,0,1,0,1,1,1,0,0,0,0,0,1,0,0,1,0,1,0,0,1,1,1,1,1,1,1,1,1,1,1,1,0,1,1,1,1,1,1,1,0,0,1,0,1,1,1,0,1,1,1,1,1,1,0,1,0,1,0,0,1,1,1,1,0,1,0,0,0,1,0,1,1,1,1,1,0,1,0,1,0,1,1,0,0,1,1,1,1,1,1,1,0,1,1,0,1,0,1,1,0,1,1,1,0,0,1,1,0,1,1,0,0,0,1,0,1,1,1,0,0,0,1,1,1,0,0,1,0,0,0,0,0,1,1,1,0,1,1,0,0,1,1,1,0,0,1,0,0,1,1
1,1,0,0,1,1,0,1,1,0,1,0,1,0,0,0,1,1,0,0,1,1,1,1,1,1,1,1,1,0,1,0,1,1,0,1,1,1,0,1,1,0,0,1,0,1,1,0,1,0,0,0,0,1,0,1,0,0,0,1,1,1,1,1,0,0,0,1,1,1,0,0,0,1,0,1,0,0,0,0,1,1,1,1,1,1,1,1,1,1,1,1,0,1,1,0,1,0,1,1,0,1,0,1,0,1,1,1,1,1,1,0,1,1,1,1,1,1,0,0,1,0,0,0,0,1,1,1,0,1,1,0,1,0,0,1,0,1,0,1,0,1,0,0,0,0,1,0,1,0,0,0,0,0,1,1,0,0,1,1,1,1,0,0,1,1,0,1,0,1,1,0,1,0,0,0,0,0,1,1,1,1,0,1,0,1,0,1,0,1,1,0,0,1,0,0,1,0,0,1,1,1,1,0,1,1,0,1,0,1,1,0,1,1,0,1,1,1,1,1,1,0,1,1,0,0,1,1,1,0,0,0,1,1,0,1,0,1,0,1,1,0,1,1,1,0,0,1,0,0,0,1,1,1,1,0,1,0,1,0,0,1,0,1,1,1,1,0,0,0,1,1,1,1,1,1,1,0,0,1,0,1,1,0,1,1,1,1,1,0,1,0,1,1,0,1,1,1,0,0,1,0,0,1,1,1,0,0,0,0,1,0,0,1,0,0,1,1,1,0,1,1,1,1,0,1,1,1,0,0,0,1,0,1,1,0,0,0,1,1,1,1,1,0,1,0,1,1,1,1,1,1,1,1,1,1,0,1,0,1,1,1,0,1,1,1,1,0,1,1,1,1,1,1,1,0,1,1,1,1,0,1,0,0,1,1,1,1,0,1,1,0,1,1,0,1,1,1,0,1,0,0,0,0,0,1,0,0,1,1,1,1,0,1,1,1,1,1,0,0,1,0,1,1,1,0,1,0,0,1,1,1,1,1,0,1,1,1,1,1,0,1,0,1,0,1,1,0,1,0,1,0,0,1,0,1,1,0,1,0,1,0,1,1,1,1,1,1,1,1,1,0,1,1,1,1,0,0,1,1,1,1,1,0,1,0,1,1,0,1,0,1,0,0,1,1,1,0,0,1,0,0,1,1,1,1,0,1,1,1,1,1,0,0,0,1,1,0,1,0,1,0,0,1,0,0,1,1,1,0,1,1,0,0,0,1,1,0,0,0,1,0,1,1

              precision    recall  f1-score   support

    Relevant       0.77      0.73      0.75       227
  Irrelevant       0.81      0.84      0.83       317

    accuracy                           0.80       544
   macro avg       0.79      0.79      0.79       544
weighted avg       0.80      0.80      0.80       544
