Accuracy|Precision|Recall|F1 score|Kappa|ROC AUC|
0.7150735294117647|0.8266129032258065|0.6466876971608833|0.7256637168141593|0.4383459447937761|0.7857807918397978

0,1,0,0,1,1,0,1,1,0,1,0,0,1,0,0,1,1,0,0,0,0,1,1,1,0,1,1,1,1,1,0,1,1,0,1,1,1,0,1,1,1,0,1,0,1,1,1,1,1,0,1,0,1,0,0,1,1,0,1,1,1,0,1,0,0,0,1,0,0,0,0,0,1,1,1,1,0,0,1,1,1,1,1,1,0,1,0,1,1,1,1,0,0,1,0,1,0,0,1,0,0,1,1,0,1,1,1,1,1,1,0,1,1,1,1,0,1,0,0,1,1,1,0,0,1,1,0,1,1,1,1,1,0,0,0,0,1,0,1,0,1,1,0,1,0,0,0,1,0,0,0,0,0,1,1,0,0,1,1,1,1,1,0,1,1,0,1,0,1,1,0,1,0,0,0,0,0,1,1,0,1,0,1,0,1,1,1,1,1,1,0,0,1,1,0,1,0,0,1,1,1,1,1,1,0,0,1,0,1,1,0,1,1,0,1,1,0,1,1,0,0,1,1,0,0,0,1,1,0,1,0,1,1,0,0,1,1,0,1,1,0,0,1,1,0,1,0,0,1,0,1,1,1,1,1,1,0,0,0,0,1,1,0,1,1,1,0,0,0,1,1,1,0,1,1,1,0,0,1,0,0,1,1,1,1,1,1,0,0,1,0,1,0,0,1,0,1,1,0,1,0,0,0,1,1,0,0,0,0,1,0,0,0,0,0,1,1,1,1,1,1,1,1,0,0,1,1,0,0,0,1,0,0,1,0,0,1,1,1,1,1,1,0,1,0,1,1,1,0,0,0,1,1,1,1,0,1,0,1,1,1,0,1,0,1,1,1,0,1,1,1,0,1,0,0,1,1,1,1,0,1,0,1,1,0,1,1,0,1,0,0,1,1,0,1,0,1,1,1,0,0,0,0,0,1,0,0,1,0,1,0,0,1,1,1,1,1,1,1,1,1,1,1,1,0,1,1,1,1,1,1,1,0,0,1,0,1,1,1,0,1,1,1,1,1,1,0,1,0,1,0,0,1,1,1,1,0,1,0,0,0,1,0,1,1,1,1,1,0,1,0,1,0,1,1,0,0,1,1,1,1,1,1,1,0,1,1,0,1,0,1,1,0,1,1,1,0,0,1,1,0,1,1,0,0,0,1,0,1,1,1,0,0,0,1,1,1,0,0,1,0,0,0,0,0,1,1,1,0,1,1,0,0,1,1,1,0,0,1,0,0,1,1
1,1,0,0,1,1,0,1,0,0,1,0,0,0,0,0,1,1,0,0,1,1,0,1,1,1,1,1,1,0,1,0,0,0,0,1,1,0,0,1,1,1,0,1,0,1,1,0,1,0,0,1,0,1,0,0,0,0,0,1,0,1,1,1,0,0,0,1,0,0,0,0,0,1,0,1,0,0,0,0,0,0,1,1,1,0,1,1,0,1,1,1,0,1,1,0,1,0,0,0,0,1,0,1,0,1,1,1,1,1,1,0,0,1,1,0,0,1,0,0,1,0,0,0,0,1,1,1,0,0,1,0,1,0,0,1,0,0,0,0,0,1,0,0,0,0,0,0,0,0,0,0,0,0,1,1,0,0,0,0,1,1,0,0,1,1,0,1,0,1,1,0,1,0,0,0,0,0,1,1,1,0,1,0,0,1,1,1,1,1,1,0,0,1,0,1,1,0,0,1,1,0,1,0,1,0,1,1,0,1,1,0,0,1,0,1,0,0,1,1,1,0,1,0,0,0,0,0,1,0,1,0,0,1,0,0,0,1,0,1,1,0,1,0,1,1,0,0,0,0,0,1,0,0,1,0,1,0,0,0,1,0,0,1,0,0,1,0,0,0,1,1,1,1,1,1,1,0,0,0,0,0,1,0,1,1,1,1,0,0,0,1,1,0,1,0,1,1,0,0,1,0,0,0,1,1,0,0,0,0,1,0,0,0,0,0,1,1,0,0,1,1,1,1,0,0,1,1,0,0,0,1,0,1,1,0,0,1,1,1,1,1,0,0,1,0,1,0,1,0,1,0,1,1,1,1,0,0,0,1,0,1,0,0,1,1,1,1,0,1,1,0,0,1,1,0,0,1,1,0,0,0,0,0,1,0,0,0,0,1,1,0,0,0,0,0,1,0,0,1,0,0,0,0,0,1,0,0,1,0,0,1,0,1,1,1,0,0,0,0,0,1,1,1,0,0,1,0,0,1,0,1,1,0,0,0,0,1,1,1,0,1,0,1,1,0,1,0,0,1,1,0,0,1,0,1,1,0,0,1,1,0,1,0,1,0,0,1,0,0,1,1,1,1,1,1,0,0,0,1,1,1,0,1,0,0,1,1,0,1,0,0,0,1,0,1,1,0,1,0,1,0,1,0,1,0,0,1,1,1,1,1,0,0,0,0,1,0,1,0,1,0,0,0,1,0,0,1,1,1,1,1,1,0,0,1,1,0,0,0,0,0,1,1

              precision    recall  f1-score   support

    Relevant       0.62      0.81      0.70       227
  Irrelevant       0.83      0.65      0.73       317

    accuracy                           0.72       544
   macro avg       0.72      0.73      0.71       544
weighted avg       0.74      0.72      0.72       544
