Accuracy|Precision|Recall|F1 score|Kappa|ROC AUC|
0.7022058823529411|0.7220630372492837|0.7949526813880127|0.7567567567567568|0.37514712347027035|0.7520810461512806

0,1,0,0,1,1,0,1,1,0,1,0,0,1,0,0,1,1,0,0,0,0,1,1,1,0,1,1,1,1,1,0,1,1,0,1,1,1,0,1,1,1,0,1,0,1,1,1,1,1,0,1,0,1,0,0,1,1,0,1,1,1,0,1,0,0,0,1,0,0,0,0,0,1,1,1,1,0,0,1,1,1,1,1,1,0,1,0,1,1,1,1,0,0,1,0,1,0,0,1,0,0,1,1,0,1,1,1,1,1,1,0,1,1,1,1,0,1,0,0,1,1,1,0,0,1,1,0,1,1,1,1,1,0,0,0,0,1,0,1,0,1,1,0,1,0,0,0,1,0,0,0,0,0,1,1,0,0,1,1,1,1,1,0,1,1,0,1,0,1,1,0,1,0,0,0,0,0,1,1,0,1,0,1,0,1,1,1,1,1,1,0,0,1,1,0,1,0,0,1,1,1,1,1,1,0,0,1,0,1,1,0,1,1,0,1,1,0,1,1,0,0,1,1,0,0,0,1,1,0,1,0,1,1,0,0,1,1,0,1,1,0,0,1,1,0,1,0,0,1,0,1,1,1,1,1,1,0,0,0,0,1,1,0,1,1,1,0,0,0,1,1,1,0,1,1,1,0,0,1,0,0,1,1,1,1,1,1,0,0,1,0,1,0,0,1,0,1,1,0,1,0,0,0,1,1,0,0,0,0,1,0,0,0,0,0,1,1,1,1,1,1,1,1,0,0,1,1,0,0,0,1,0,0,1,0,0,1,1,1,1,1,1,0,1,0,1,1,1,0,0,0,1,1,1,1,0,1,0,1,1,1,0,1,0,1,1,1,0,1,1,1,0,1,0,0,1,1,1,1,0,1,0,1,1,0,1,1,0,1,0,0,1,1,0,1,0,1,1,1,0,0,0,0,0,1,0,0,1,0,1,0,0,1,1,1,1,1,1,1,1,1,1,1,1,0,1,1,1,1,1,1,1,0,0,1,0,1,1,1,0,1,1,1,1,1,1,0,1,0,1,0,0,1,1,1,1,0,1,0,0,0,1,0,1,1,1,1,1,0,1,0,1,0,1,1,0,0,1,1,1,1,1,1,1,0,1,1,0,1,0,1,1,0,1,1,1,0,0,1,1,0,1,1,0,0,0,1,0,1,1,1,0,0,0,1,1,1,0,0,1,0,0,0,0,0,1,1,1,0,1,1,0,0,1,1,1,0,0,1,0,0,1,1
1,1,0,0,1,1,0,1,1,0,1,0,1,0,0,0,1,1,0,0,0,1,1,1,1,1,1,1,1,1,1,0,1,0,0,1,1,1,0,1,1,1,0,1,0,1,1,0,1,0,1,1,0,1,0,0,0,1,1,1,0,1,1,1,1,0,1,1,0,0,0,0,1,1,1,1,1,1,0,1,0,1,0,1,1,1,1,1,0,1,1,1,0,1,1,0,1,1,1,0,0,1,1,1,0,1,1,1,1,1,1,0,1,1,1,1,1,1,0,0,1,1,0,0,0,1,1,0,0,1,1,0,0,1,0,1,0,1,1,0,1,1,0,0,1,1,0,0,0,0,1,0,1,0,1,1,0,0,0,1,1,1,1,1,1,1,0,1,0,1,1,0,1,0,0,0,1,0,1,1,1,0,1,0,1,1,1,1,1,1,1,0,0,1,1,1,1,0,1,1,1,1,1,0,1,0,1,1,0,1,1,1,1,1,0,1,1,1,1,1,1,0,1,1,0,0,0,1,1,0,1,0,0,1,1,1,0,1,1,1,1,0,1,0,1,1,0,1,1,0,1,1,1,1,1,1,1,0,0,0,1,1,0,1,0,1,1,0,1,0,1,1,1,1,1,1,1,1,0,0,0,0,1,0,1,1,1,1,1,1,0,1,1,0,1,1,1,1,1,0,1,0,0,0,1,1,0,0,0,0,1,1,0,0,0,0,1,1,0,0,1,1,1,1,0,0,1,1,1,0,0,1,1,1,1,0,0,1,1,1,1,1,0,1,1,1,1,0,1,1,1,1,1,1,1,1,0,0,0,1,0,1,1,0,1,1,0,1,0,1,1,0,1,1,0,0,1,1,1,1,1,0,0,1,1,0,0,0,0,1,1,1,0,0,1,1,1,1,0,1,0,0,0,0,0,1,0,1,1,1,0,1,1,1,1,1,0,0,0,1,1,1,1,1,1,1,1,1,1,1,0,1,1,1,0,1,0,1,1,1,1,1,0,1,1,0,1,0,0,1,1,0,0,1,1,1,1,1,0,1,1,0,1,0,1,1,1,1,1,0,1,1,1,1,1,1,0,0,0,1,1,1,1,1,0,0,1,0,0,1,0,0,1,1,1,1,1,0,1,0,0,0,1,0,0,1,0,1,1,1,1,1,0,0,0,0,1,0,1,1,1,0,0,1,1,0,1,1,1,1,1,1,1,0,1,1,1,1,0,0,1,1,1,1

              precision    recall  f1-score   support

    Relevant       0.67      0.57      0.62       227
  Irrelevant       0.72      0.79      0.76       317

    accuracy                           0.70       544
   macro avg       0.69      0.68      0.69       544
weighted avg       0.70      0.70      0.70       544
