Accuracy|Precision|Recall|F1 score|Kappa|ROC AUC|
0.7022058823529411|0.7429467084639498|0.7476340694006309|0.7452830188679246|0.3868844703557863|0.8049305854722828

0,1,0,0,1,1,0,1,1,0,1,0,0,1,0,0,1,1,0,0,0,0,1,1,1,0,1,1,1,1,1,0,1,1,0,1,1,1,0,1,1,1,0,1,0,1,1,1,1,1,0,1,0,1,0,0,1,1,0,1,1,1,0,1,0,0,0,1,0,0,0,0,0,1,1,1,1,0,0,1,1,1,1,1,1,0,1,0,1,1,1,1,0,0,1,0,1,0,0,1,0,0,1,1,0,1,1,1,1,1,1,0,1,1,1,1,0,1,0,0,1,1,1,0,0,1,1,0,1,1,1,1,1,0,0,0,0,1,0,1,0,1,1,0,1,0,0,0,1,0,0,0,0,0,1,1,0,0,1,1,1,1,1,0,1,1,0,1,0,1,1,0,1,0,0,0,0,0,1,1,0,1,0,1,0,1,1,1,1,1,1,0,0,1,1,0,1,0,0,1,1,1,1,1,1,0,0,1,0,1,1,0,1,1,0,1,1,0,1,1,0,0,1,1,0,0,0,1,1,0,1,0,1,1,0,0,1,1,0,1,1,0,0,1,1,0,1,0,0,1,0,1,1,1,1,1,1,0,0,0,0,1,1,0,1,1,1,0,0,0,1,1,1,0,1,1,1,0,0,1,0,0,1,1,1,1,1,1,0,0,1,0,1,0,0,1,0,1,1,0,1,0,0,0,1,1,0,0,0,0,1,0,0,0,0,0,1,1,1,1,1,1,1,1,0,0,1,1,0,0,0,1,0,0,1,0,0,1,1,1,1,1,1,0,1,0,1,1,1,0,0,0,1,1,1,1,0,1,0,1,1,1,0,1,0,1,1,1,0,1,1,1,0,1,0,0,1,1,1,1,0,1,0,1,1,0,1,1,0,1,0,0,1,1,0,1,0,1,1,1,0,0,0,0,0,1,0,0,1,0,1,0,0,1,1,1,1,1,1,1,1,1,1,1,1,0,1,1,1,1,1,1,1,0,0,1,0,1,1,1,0,1,1,1,1,1,1,0,1,0,1,0,0,1,1,1,1,0,1,0,0,0,1,0,1,1,1,1,1,0,1,0,1,0,1,1,0,0,1,1,1,1,1,1,1,0,1,1,0,1,0,1,1,0,1,1,1,0,0,1,1,0,1,1,0,0,0,1,0,1,1,1,0,0,0,1,1,1,0,0,1,0,0,0,0,0,1,1,1,0,1,1,0,0,1,1,1,0,0,1,0,0,1,1
1,1,0,0,1,1,0,1,0,0,1,0,1,0,0,0,1,1,1,0,1,1,1,1,1,1,1,1,1,0,1,0,0,0,0,1,1,1,0,1,1,0,0,1,0,1,1,0,1,0,0,1,0,1,0,0,0,1,1,1,1,1,0,1,0,0,0,1,1,0,0,1,0,1,0,1,0,0,1,0,1,1,1,1,1,0,1,1,0,1,1,1,0,1,1,0,1,0,0,0,0,1,0,1,0,1,1,1,1,1,1,0,1,1,1,0,1,1,0,0,1,1,0,0,1,1,1,1,0,0,1,0,1,0,0,1,0,1,1,0,1,1,0,0,0,1,0,0,0,1,1,0,0,0,1,1,0,0,0,1,1,1,1,0,1,1,0,1,0,1,1,0,1,0,0,0,0,0,1,1,1,0,1,0,1,1,1,1,1,1,1,0,0,1,0,1,1,0,0,1,1,0,1,0,1,0,0,1,1,1,1,0,1,1,1,1,1,1,1,1,1,0,1,1,0,0,0,1,1,0,1,0,0,1,0,1,0,1,0,1,1,0,1,1,1,1,0,1,1,0,0,1,0,1,1,0,1,0,0,0,1,1,0,1,0,1,1,1,0,0,1,1,1,0,1,1,1,1,0,0,0,1,1,0,1,1,1,1,1,0,1,0,1,0,0,1,1,1,1,0,1,0,0,0,1,1,0,0,1,0,1,0,0,0,0,0,1,1,0,0,1,1,1,1,0,0,1,1,0,0,0,1,1,1,1,1,0,1,1,1,1,1,0,1,1,1,1,0,1,1,1,1,1,1,1,1,1,0,0,1,1,1,1,1,1,1,1,1,1,1,1,0,1,1,1,0,1,1,1,1,0,0,0,0,1,0,0,0,0,1,1,1,1,0,1,1,1,1,0,1,0,0,0,0,0,1,0,0,1,1,0,1,0,1,1,1,1,0,0,1,0,1,1,1,1,0,1,1,0,1,0,1,1,1,0,0,0,1,0,1,1,1,0,1,1,0,1,0,0,1,1,0,0,1,0,1,1,0,0,0,1,0,1,1,1,1,0,1,1,0,0,1,1,1,1,1,0,0,0,1,1,1,0,1,0,0,1,1,0,1,0,0,0,1,0,1,1,1,1,0,1,0,0,0,1,1,0,1,0,1,1,1,0,0,0,0,1,0,1,0,1,0,0,1,0,0,1,1,1,1,1,1,0,0,0,1,1,1,1,0,1,1,1,1

              precision    recall  f1-score   support

    Relevant       0.64      0.64      0.64       227
  Irrelevant       0.74      0.75      0.75       317

    accuracy                           0.70       544
   macro avg       0.69      0.69      0.69       544
weighted avg       0.70      0.70      0.70       544
