Accuracy|Precision|Recall|F1 score|Kappa|ROC AUC|
0.7169117647058824|0.7620578778135049|0.7476340694006309|0.7547770700636944|0.4200667321989783|0.7987326116260649

0,1,0,0,1,1,0,1,1,0,1,0,0,1,0,0,1,1,0,0,0,0,1,1,1,0,1,1,1,1,1,0,1,1,0,1,1,1,0,1,1,1,0,1,0,1,1,1,1,1,0,1,0,1,0,0,1,1,0,1,1,1,0,1,0,0,0,1,0,0,0,0,0,1,1,1,1,0,0,1,1,1,1,1,1,0,1,0,1,1,1,1,0,0,1,0,1,0,0,1,0,0,1,1,0,1,1,1,1,1,1,0,1,1,1,1,0,1,0,0,1,1,1,0,0,1,1,0,1,1,1,1,1,0,0,0,0,1,0,1,0,1,1,0,1,0,0,0,1,0,0,0,0,0,1,1,0,0,1,1,1,1,1,0,1,1,0,1,0,1,1,0,1,0,0,0,0,0,1,1,0,1,0,1,0,1,1,1,1,1,1,0,0,1,1,0,1,0,0,1,1,1,1,1,1,0,0,1,0,1,1,0,1,1,0,1,1,0,1,1,0,0,1,1,0,0,0,1,1,0,1,0,1,1,0,0,1,1,0,1,1,0,0,1,1,0,1,0,0,1,0,1,1,1,1,1,1,0,0,0,0,1,1,0,1,1,1,0,0,0,1,1,1,0,1,1,1,0,0,1,0,0,1,1,1,1,1,1,0,0,1,0,1,0,0,1,0,1,1,0,1,0,0,0,1,1,0,0,0,0,1,0,0,0,0,0,1,1,1,1,1,1,1,1,0,0,1,1,0,0,0,1,0,0,1,0,0,1,1,1,1,1,1,0,1,0,1,1,1,0,0,0,1,1,1,1,0,1,0,1,1,1,0,1,0,1,1,1,0,1,1,1,0,1,0,0,1,1,1,1,0,1,0,1,1,0,1,1,0,1,0,0,1,1,0,1,0,1,1,1,0,0,0,0,0,1,0,0,1,0,1,0,0,1,1,1,1,1,1,1,1,1,1,1,1,0,1,1,1,1,1,1,1,0,0,1,0,1,1,1,0,1,1,1,1,1,1,0,1,0,1,0,0,1,1,1,1,0,1,0,0,0,1,0,1,1,1,1,1,0,1,0,1,0,1,1,0,0,1,1,1,1,1,1,1,0,1,1,0,1,0,1,1,0,1,1,1,0,0,1,1,0,1,1,0,0,0,1,0,1,1,1,0,0,0,1,1,1,0,0,1,0,0,0,0,0,1,1,1,0,1,1,0,0,1,1,1,0,0,1,0,0,1,1
1,1,0,0,1,1,0,1,0,0,1,0,1,0,0,0,1,1,0,0,1,1,1,1,1,1,1,1,1,0,1,0,0,0,0,1,1,1,0,1,1,1,0,1,0,1,1,0,1,0,1,1,0,1,0,0,0,1,0,1,1,1,1,1,0,0,0,1,0,0,0,0,0,1,1,1,0,0,1,0,1,0,1,1,1,0,1,1,0,1,1,1,0,1,1,0,1,0,0,0,0,1,0,1,0,1,1,1,1,1,1,0,0,1,1,1,1,1,0,0,1,1,0,0,1,1,1,0,0,1,1,0,0,0,0,1,0,1,1,0,0,1,0,0,0,1,0,0,0,1,1,0,0,0,1,1,0,0,0,1,1,1,1,1,1,1,0,1,0,1,1,0,1,0,0,0,0,0,1,1,1,0,1,0,1,1,1,1,1,1,1,0,0,1,0,1,1,0,0,1,1,0,1,0,1,0,0,1,0,1,1,0,1,1,0,1,1,1,1,1,1,0,1,1,0,0,1,1,1,0,1,0,0,1,0,1,0,1,0,1,1,0,1,0,1,1,0,1,0,0,0,1,0,1,1,0,1,0,0,0,1,1,0,1,0,1,1,1,0,0,1,1,1,0,1,1,1,0,0,0,0,0,1,0,1,1,1,1,1,1,0,0,1,0,1,1,1,1,0,0,1,0,0,0,1,1,0,1,0,0,1,0,0,0,0,0,1,1,0,0,1,1,1,1,0,0,1,1,0,0,0,1,1,1,1,0,0,1,1,1,1,1,0,1,1,1,1,0,1,1,1,1,1,1,1,1,0,1,0,1,0,1,1,1,0,1,1,1,1,1,1,0,1,1,1,0,1,1,1,1,0,0,0,0,1,0,0,0,0,1,1,1,0,0,1,1,1,1,0,1,0,0,0,0,0,1,0,1,1,1,0,1,0,1,1,1,1,0,0,1,1,1,1,1,1,0,1,1,1,1,0,1,1,1,0,0,0,1,1,1,1,1,0,1,1,0,1,0,0,1,1,0,0,1,0,1,1,0,0,0,1,0,1,1,1,0,1,1,0,0,1,1,1,1,1,1,0,0,0,1,1,1,0,1,0,0,1,0,0,1,0,0,0,1,1,1,1,0,1,0,0,0,1,0,1,1,0,1,1,1,1,1,0,0,0,0,1,0,1,0,1,0,0,1,0,0,1,1,1,1,1,1,1,0,0,1,1,0,0,0,1,1,1,1

              precision    recall  f1-score   support

    Relevant       0.66      0.67      0.67       227
  Irrelevant       0.76      0.75      0.75       317

    accuracy                           0.72       544
   macro avg       0.71      0.71      0.71       544
weighted avg       0.72      0.72      0.72       544
