Accuracy|Precision|Recall|F1 score|Kappa|ROC AUC|
0.7628676470588235|0.8309859154929577|0.7444794952681388|0.7853577371048253|0.5222482435597189|0.8472463486151838

0,1,0,0,1,1,0,1,1,0,1,0,0,1,0,0,1,1,0,0,0,0,1,1,1,0,1,1,1,1,1,0,1,1,0,1,1,1,0,1,1,1,0,1,0,1,1,1,1,1,0,1,0,1,0,0,1,1,0,1,1,1,0,1,0,0,0,1,0,0,0,0,0,1,1,1,1,0,0,1,1,1,1,1,1,0,1,0,1,1,1,1,0,0,1,0,1,0,0,1,0,0,1,1,0,1,1,1,1,1,1,0,1,1,1,1,0,1,0,0,1,1,1,0,0,1,1,0,1,1,1,1,1,0,0,0,0,1,0,1,0,1,1,0,1,0,0,0,1,0,0,0,0,0,1,1,0,0,1,1,1,1,1,0,1,1,0,1,0,1,1,0,1,0,0,0,0,0,1,1,0,1,0,1,0,1,1,1,1,1,1,0,0,1,1,0,1,0,0,1,1,1,1,1,1,0,0,1,0,1,1,0,1,1,0,1,1,0,1,1,0,0,1,1,0,0,0,1,1,0,1,0,1,1,0,0,1,1,0,1,1,0,0,1,1,0,1,0,0,1,0,1,1,1,1,1,1,0,0,0,0,1,1,0,1,1,1,0,0,0,1,1,1,0,1,1,1,0,0,1,0,0,1,1,1,1,1,1,0,0,1,0,1,0,0,1,0,1,1,0,1,0,0,0,1,1,0,0,0,0,1,0,0,0,0,0,1,1,1,1,1,1,1,1,0,0,1,1,0,0,0,1,0,0,1,0,0,1,1,1,1,1,1,0,1,0,1,1,1,0,0,0,1,1,1,1,0,1,0,1,1,1,0,1,0,1,1,1,0,1,1,1,0,1,0,0,1,1,1,1,0,1,0,1,1,0,1,1,0,1,0,0,1,1,0,1,0,1,1,1,0,0,0,0,0,1,0,0,1,0,1,0,0,1,1,1,1,1,1,1,1,1,1,1,1,0,1,1,1,1,1,1,1,0,0,1,0,1,1,1,0,1,1,1,1,1,1,0,1,0,1,0,0,1,1,1,1,0,1,0,0,0,1,0,1,1,1,1,1,0,1,0,1,0,1,1,0,0,1,1,1,1,1,1,1,0,1,1,0,1,0,1,1,0,1,1,1,0,0,1,1,0,1,1,0,0,0,1,0,1,1,1,0,0,0,1,1,1,0,0,1,0,0,0,0,0,1,1,1,0,1,1,0,0,1,1,1,0,0,1,0,0,1,1
0,1,0,0,1,1,0,1,1,0,1,0,1,0,0,0,1,1,0,0,1,1,1,1,1,1,1,1,1,0,1,0,1,0,0,1,1,1,0,1,1,0,0,1,0,1,1,0,1,0,0,0,0,1,0,0,0,0,0,1,1,1,0,1,0,0,0,0,0,1,0,0,0,1,0,1,0,0,0,0,0,1,1,1,1,1,1,1,1,1,1,1,0,1,1,0,0,0,0,0,0,0,1,1,0,1,1,1,1,1,1,1,1,1,1,1,0,1,0,0,1,0,0,0,0,1,1,1,0,0,1,0,1,0,0,1,0,1,0,0,0,1,0,0,0,0,1,0,1,0,1,0,0,0,1,1,0,0,0,1,1,1,1,0,1,1,0,1,0,1,1,0,1,0,0,0,0,0,1,0,1,0,0,1,0,1,1,1,1,1,1,0,0,1,0,1,1,0,0,1,1,0,1,1,1,1,0,1,0,1,1,0,1,1,0,1,0,0,1,1,0,0,1,1,0,0,1,1,1,0,0,0,1,1,0,0,1,1,0,1,1,0,1,1,0,1,0,0,0,0,0,1,1,1,1,0,1,0,0,0,0,1,0,1,1,1,1,0,0,0,1,1,1,1,1,1,1,0,0,0,0,1,1,0,1,1,1,1,0,0,1,0,1,0,0,1,1,1,0,0,1,0,0,1,0,1,0,0,0,0,1,0,0,1,0,0,1,1,0,0,1,1,1,1,1,0,1,0,0,0,0,1,0,1,1,0,0,1,1,1,1,1,0,0,1,0,1,0,1,1,1,0,1,1,1,1,0,1,0,1,1,1,0,1,0,1,1,0,1,1,1,0,1,1,1,0,1,1,1,0,0,1,0,0,1,0,1,0,0,1,1,0,1,0,0,1,1,0,0,1,0,0,0,0,0,1,0,0,1,0,1,1,0,1,1,1,1,1,0,0,0,0,1,1,1,0,1,0,1,1,0,1,1,1,0,0,0,1,1,1,0,1,0,1,1,0,1,0,0,1,1,0,0,1,0,1,1,1,0,0,1,0,1,1,1,0,0,1,1,1,0,1,1,1,1,1,0,0,0,1,1,1,0,1,0,0,1,1,0,0,0,0,0,1,1,1,1,0,0,0,1,0,1,0,1,0,0,1,1,1,1,1,0,0,0,1,0,0,0,0,1,0,0,1,0,0,0,1,1,0,1,1,0,0,0,1,1,0,0,0,1,0,1,1

              precision    recall  f1-score   support

    Relevant       0.69      0.79      0.74       227
  Irrelevant       0.83      0.74      0.79       317

    accuracy                           0.76       544
   macro avg       0.76      0.77      0.76       544
weighted avg       0.77      0.76      0.76       544
