Accuracy|Precision|Recall|F1 score|Kappa|ROC AUC|
0.7205882352941176|0.7602523659305994|0.7602523659305994|0.7602523659305993|0.4254506038160619|0.7990661348823636

0,1,0,0,1,1,0,1,1,0,1,0,0,1,0,0,1,1,0,0,0,0,1,1,1,0,1,1,1,1,1,0,1,1,0,1,1,1,0,1,1,1,0,1,0,1,1,1,1,1,0,1,0,1,0,0,1,1,0,1,1,1,0,1,0,0,0,1,0,0,0,0,0,1,1,1,1,0,0,1,1,1,1,1,1,0,1,0,1,1,1,1,0,0,1,0,1,0,0,1,0,0,1,1,0,1,1,1,1,1,1,0,1,1,1,1,0,1,0,0,1,1,1,0,0,1,1,0,1,1,1,1,1,0,0,0,0,1,0,1,0,1,1,0,1,0,0,0,1,0,0,0,0,0,1,1,0,0,1,1,1,1,1,0,1,1,0,1,0,1,1,0,1,0,0,0,0,0,1,1,0,1,0,1,0,1,1,1,1,1,1,0,0,1,1,0,1,0,0,1,1,1,1,1,1,0,0,1,0,1,1,0,1,1,0,1,1,0,1,1,0,0,1,1,0,0,0,1,1,0,1,0,1,1,0,0,1,1,0,1,1,0,0,1,1,0,1,0,0,1,0,1,1,1,1,1,1,0,0,0,0,1,1,0,1,1,1,0,0,0,1,1,1,0,1,1,1,0,0,1,0,0,1,1,1,1,1,1,0,0,1,0,1,0,0,1,0,1,1,0,1,0,0,0,1,1,0,0,0,0,1,0,0,0,0,0,1,1,1,1,1,1,1,1,0,0,1,1,0,0,0,1,0,0,1,0,0,1,1,1,1,1,1,0,1,0,1,1,1,0,0,0,1,1,1,1,0,1,0,1,1,1,0,1,0,1,1,1,0,1,1,1,0,1,0,0,1,1,1,1,0,1,0,1,1,0,1,1,0,1,0,0,1,1,0,1,0,1,1,1,0,0,0,0,0,1,0,0,1,0,1,0,0,1,1,1,1,1,1,1,1,1,1,1,1,0,1,1,1,1,1,1,1,0,0,1,0,1,1,1,0,1,1,1,1,1,1,0,1,0,1,0,0,1,1,1,1,0,1,0,0,0,1,0,1,1,1,1,1,0,1,0,1,0,1,1,0,0,1,1,1,1,1,1,1,0,1,1,0,1,0,1,1,0,1,1,1,0,0,1,1,0,1,1,0,0,0,1,0,1,1,1,0,0,0,1,1,1,0,0,1,0,0,0,0,0,1,1,1,0,1,1,0,0,1,1,1,0,0,1,0,0,1,1
1,1,0,0,1,1,0,1,1,0,1,0,1,0,0,0,1,1,1,0,1,1,0,1,1,1,1,1,1,1,1,0,1,0,0,1,1,0,0,0,1,1,0,1,0,1,1,1,1,0,1,1,0,1,0,0,0,1,1,1,1,1,1,1,0,0,0,1,1,0,0,0,0,1,0,1,0,0,0,1,1,1,1,1,1,0,1,1,0,1,1,1,0,1,1,0,1,0,0,0,0,1,0,1,0,1,1,1,1,1,1,0,1,1,1,0,1,1,0,0,1,1,0,0,1,1,1,1,0,1,1,0,1,0,1,1,0,0,1,0,1,1,0,0,0,0,0,0,0,1,0,0,0,0,1,1,0,0,1,0,1,1,1,0,1,1,0,1,0,1,1,0,1,0,0,0,0,0,1,1,1,0,1,0,1,1,1,1,1,1,1,0,0,1,0,1,1,0,0,1,1,0,1,0,1,0,0,1,0,1,1,0,0,1,1,1,0,1,1,1,1,0,1,1,0,0,1,0,1,0,1,0,1,1,0,0,0,1,0,1,1,0,1,1,1,1,0,0,1,0,1,1,0,0,1,0,1,0,0,0,1,1,0,1,1,1,1,1,0,0,1,1,1,0,1,1,1,1,0,0,0,0,1,0,1,1,1,1,1,0,0,0,1,0,1,1,1,1,0,0,1,0,0,0,1,0,0,0,1,0,1,0,0,0,0,1,1,1,0,0,1,1,1,1,0,0,1,1,0,0,0,1,1,1,1,1,0,1,1,1,1,1,0,0,1,0,1,0,1,1,1,0,1,1,1,1,1,0,0,1,1,1,0,0,1,1,1,1,1,1,1,0,1,1,1,0,1,1,1,0,0,0,0,0,1,0,0,0,0,1,1,1,1,0,1,0,1,1,0,1,0,0,0,0,0,1,0,0,1,1,1,1,0,1,1,1,1,0,0,1,0,1,1,1,1,0,1,1,0,1,0,1,1,1,0,0,0,1,1,1,1,1,0,1,1,1,1,0,0,1,1,0,0,1,0,1,1,1,0,0,1,0,1,1,1,1,1,1,1,0,1,1,1,1,1,1,0,0,0,1,1,1,1,1,0,0,1,1,0,1,0,0,1,0,1,1,1,0,1,0,1,0,1,0,1,0,0,1,0,1,1,1,0,0,0,0,1,0,1,0,1,0,0,1,1,0,1,1,1,1,1,1,1,0,0,1,1,1,0,0,1,1,1,1

              precision    recall  f1-score   support

    Relevant       0.67      0.67      0.67       227
  Irrelevant       0.76      0.76      0.76       317

    accuracy                           0.72       544
   macro avg       0.71      0.71      0.71       544
weighted avg       0.72      0.72      0.72       544
