Accuracy|Precision|Recall|F1 score|Kappa|ROC AUC|
0.7242647058823529|0.7522658610271903|0.7854889589905363|0.7685185185185185|0.42800263567412977|0.804736030239442

0,1,0,0,1,1,0,1,1,0,1,0,0,1,0,0,1,1,0,0,0,0,1,1,1,0,1,1,1,1,1,0,1,1,0,1,1,1,0,1,1,1,0,1,0,1,1,1,1,1,0,1,0,1,0,0,1,1,0,1,1,1,0,1,0,0,0,1,0,0,0,0,0,1,1,1,1,0,0,1,1,1,1,1,1,0,1,0,1,1,1,1,0,0,1,0,1,0,0,1,0,0,1,1,0,1,1,1,1,1,1,0,1,1,1,1,0,1,0,0,1,1,1,0,0,1,1,0,1,1,1,1,1,0,0,0,0,1,0,1,0,1,1,0,1,0,0,0,1,0,0,0,0,0,1,1,0,0,1,1,1,1,1,0,1,1,0,1,0,1,1,0,1,0,0,0,0,0,1,1,0,1,0,1,0,1,1,1,1,1,1,0,0,1,1,0,1,0,0,1,1,1,1,1,1,0,0,1,0,1,1,0,1,1,0,1,1,0,1,1,0,0,1,1,0,0,0,1,1,0,1,0,1,1,0,0,1,1,0,1,1,0,0,1,1,0,1,0,0,1,0,1,1,1,1,1,1,0,0,0,0,1,1,0,1,1,1,0,0,0,1,1,1,0,1,1,1,0,0,1,0,0,1,1,1,1,1,1,0,0,1,0,1,0,0,1,0,1,1,0,1,0,0,0,1,1,0,0,0,0,1,0,0,0,0,0,1,1,1,1,1,1,1,1,0,0,1,1,0,0,0,1,0,0,1,0,0,1,1,1,1,1,1,0,1,0,1,1,1,0,0,0,1,1,1,1,0,1,0,1,1,1,0,1,0,1,1,1,0,1,1,1,0,1,0,0,1,1,1,1,0,1,0,1,1,0,1,1,0,1,0,0,1,1,0,1,0,1,1,1,0,0,0,0,0,1,0,0,1,0,1,0,0,1,1,1,1,1,1,1,1,1,1,1,1,0,1,1,1,1,1,1,1,0,0,1,0,1,1,1,0,1,1,1,1,1,1,0,1,0,1,0,0,1,1,1,1,0,1,0,0,0,1,0,1,1,1,1,1,0,1,0,1,0,1,1,0,0,1,1,1,1,1,1,1,0,1,1,0,1,0,1,1,0,1,1,1,0,0,1,1,0,1,1,0,0,0,1,0,1,1,1,0,0,0,1,1,1,0,0,1,0,0,0,0,0,1,1,1,0,1,1,0,0,1,1,1,0,0,1,0,0,1,1
1,1,0,0,1,1,0,1,1,0,1,0,1,0,0,0,1,1,1,0,1,1,1,1,1,1,1,1,1,0,1,0,1,0,0,1,1,1,0,1,1,0,0,1,0,1,1,1,1,0,0,1,0,1,0,0,0,1,1,1,1,1,1,1,0,0,0,1,1,0,0,0,1,1,1,1,0,0,1,1,1,1,1,1,1,0,1,1,0,1,1,1,0,1,0,0,0,0,0,1,0,1,0,1,0,1,1,1,1,1,1,0,1,1,1,0,1,1,0,0,1,1,0,0,1,1,1,1,0,0,1,0,1,0,1,1,0,1,1,0,1,1,1,0,0,0,0,0,0,1,0,0,0,0,1,1,0,0,1,0,1,1,1,0,1,1,0,1,0,1,1,0,1,0,0,0,1,0,1,1,1,0,1,0,1,1,1,1,1,1,1,0,0,1,0,1,1,0,0,1,1,0,1,0,1,0,0,1,0,1,1,0,1,1,1,1,1,1,1,1,1,0,1,1,0,0,0,1,1,0,1,0,0,1,0,0,0,1,0,1,1,0,1,1,1,1,0,0,1,0,0,1,1,1,1,0,1,0,0,0,1,1,0,1,1,0,1,1,1,0,1,1,1,1,1,1,1,1,0,0,0,0,1,0,1,1,1,1,1,0,1,0,1,0,1,1,1,1,1,0,1,0,0,1,1,1,0,0,1,0,1,0,0,0,0,1,1,1,0,0,1,1,1,1,0,0,1,1,0,0,0,1,1,1,1,1,0,1,1,1,1,1,0,0,1,1,1,0,1,1,1,1,1,1,1,1,1,1,0,1,1,1,1,1,1,1,1,1,1,1,1,0,1,1,1,0,1,1,1,1,0,0,0,0,1,0,0,0,0,1,1,1,1,0,1,0,1,1,0,1,0,0,0,1,0,0,0,0,1,0,0,1,0,1,1,1,1,0,0,1,0,1,1,1,1,0,1,1,0,1,0,1,1,1,0,0,0,1,1,1,1,1,0,1,1,1,1,0,0,1,1,0,0,1,1,1,1,0,0,0,1,0,1,1,1,1,1,1,1,0,1,1,1,1,1,1,0,0,0,1,1,1,1,1,0,0,1,1,0,1,0,0,0,0,0,1,1,0,1,0,1,0,1,0,1,0,0,1,0,1,1,1,0,0,0,0,1,0,1,0,1,0,1,1,0,0,1,1,1,1,1,1,1,0,0,1,1,1,1,0,1,1,1,1

              precision    recall  f1-score   support

    Relevant       0.68      0.64      0.66       227
  Irrelevant       0.75      0.79      0.77       317

    accuracy                           0.72       544
   macro avg       0.72      0.71      0.71       544
weighted avg       0.72      0.72      0.72       544
