Accuracy|Precision|Recall|F1 score|Kappa|ROC AUC|
0.9102844638949672|0.9081081081081082|0.875|0.8912466843501328|0.8149413821371075|0.9577387971698113

0,0,0,1,0,1,1,0,0,0,0,0,1,0,1,1,0,1,0,0,1,1,1,1,0,1,0,0,0,0,1,1,0,0,1,0,1,0,1,1,0,0,0,0,1,0,1,0,1,0,0,0,1,1,1,0,1,0,1,1,1,0,1,1,1,0,1,0,0,1,0,1,0,0,0,0,0,0,0,0,1,0,1,0,1,0,0,0,0,1,0,0,1,0,0,1,1,0,0,1,1,0,0,0,1,0,1,0,1,0,0,1,1,0,0,1,1,0,0,0,0,0,0,0,0,1,1,0,1,1,1,0,0,0,0,0,1,0,1,1,0,1,0,1,1,0,0,1,0,1,0,0,0,0,1,0,0,1,1,0,0,0,1,1,1,0,0,1,1,0,0,0,0,0,1,1,0,1,1,0,0,0,0,0,0,0,0,0,1,0,0,1,1,0,1,1,1,0,0,1,0,1,0,0,1,1,0,1,0,0,0,0,1,0,1,0,1,0,0,1,1,0,1,0,0,1,0,0,0,1,1,1,1,0,1,1,0,1,1,1,0,0,0,1,0,0,0,0,0,1,1,0,0,0,0,0,1,0,0,0,1,1,1,1,1,0,0,0,1,1,1,0,1,1,0,1,1,0,1,1,1,0,0,1,0,0,1,1,0,0,1,1,1,0,0,0,1,1,0,1,0,0,0,0,1,0,1,0,0,1,1,0,0,0,1,0,0,1,1,0,0,1,1,1,0,0,1,0,0,0,0,0,1,0,0,1,0,0,0,1,1,1,1,1,1,0,1,0,1,0,1,0,1,0,1,0,0,1,0,0,1,0,0,0,0,1,0,0,0,1,0,1,0,1,0,0,1,0,0,0,1,0,0,1,1,1,1,1,0,0,0,0,0,0,1,0,0,0,1,1,1,1,0,0,1,0,1,1,0,1,0,1,0,1,1,0,0,0,1,0,0,1,0,0,0,0,1,0,1,0,0,0,1,1,0,0,0,0,0,0,1,0,0,1,0,1,0,1,0,0,0,0,0,1,0,1,1
0,0,0,1,0,1,1,0,0,0,0,0,0,0,0,1,0,1,0,0,1,1,0,1,0,1,0,0,0,0,1,1,0,0,0,0,1,0,1,1,0,0,0,0,1,0,1,0,1,0,0,0,1,1,0,0,1,0,1,1,1,0,0,1,1,0,1,0,0,1,0,1,0,0,0,0,0,0,0,0,1,0,1,0,1,1,1,0,0,1,0,0,1,0,0,1,1,0,0,1,1,0,1,0,0,0,0,0,1,0,0,1,1,0,0,1,1,0,0,0,0,0,0,0,0,1,1,0,1,1,1,0,0,0,0,0,1,0,1,1,0,0,0,1,1,0,1,1,0,0,0,0,1,0,1,1,0,1,1,0,0,0,1,1,1,0,0,1,1,0,0,0,0,0,1,1,0,0,1,0,0,0,0,0,0,0,0,0,1,0,0,1,1,1,1,1,1,0,0,1,0,1,0,0,1,1,0,1,0,0,0,0,1,0,1,0,1,0,0,1,1,0,1,0,0,1,0,0,0,0,1,1,1,0,0,1,0,1,0,1,0,0,0,1,1,0,0,0,0,1,1,0,0,0,0,0,1,0,0,0,1,1,1,1,1,0,0,0,1,1,1,0,1,1,0,1,0,0,0,1,0,0,0,1,0,0,1,1,0,0,1,1,1,0,0,0,1,0,0,1,1,0,1,0,1,0,1,0,0,1,1,0,0,0,0,0,0,1,1,0,0,1,1,1,0,0,1,0,0,0,0,0,1,0,0,1,0,0,0,1,1,1,1,0,1,0,1,0,1,1,1,0,1,0,1,0,0,1,1,0,1,0,0,1,0,1,0,0,0,1,0,1,0,1,1,0,1,0,0,0,1,0,0,1,1,1,1,1,0,0,0,1,0,0,1,0,0,0,1,0,1,1,0,1,1,0,1,1,0,0,0,1,0,1,1,0,0,0,1,0,1,1,0,0,0,0,1,0,1,0,0,0,1,1,0,0,0,0,0,0,1,0,0,0,0,0,0,1,0,0,0,0,0,1,0,1,1

              precision    recall  f1-score   support

    Relevant       0.91      0.94      0.92       265
  Irrelevant       0.91      0.88      0.89       192

    accuracy                           0.91       457
   macro avg       0.91      0.91      0.91       457
weighted avg       0.91      0.91      0.91       457
