Accuracy|Precision|Recall|F1 score|Kappa|ROC AUC|
0.8468271334792122|0.8279569892473119|0.8020833333333334|0.8148148148148148|0.6842738990544995|0.9199095911949685

0,0,0,1,0,1,1,0,0,0,0,0,1,0,1,1,0,1,0,0,1,1,1,1,0,1,0,0,0,0,1,1,0,0,1,0,1,0,1,1,0,0,0,0,1,0,1,0,1,0,0,0,1,1,1,0,1,0,1,1,1,0,1,1,1,0,1,0,0,1,0,1,0,0,0,0,0,0,0,0,1,0,1,0,1,0,0,0,0,1,0,0,1,0,0,1,1,0,0,1,1,0,0,0,1,0,1,0,1,0,0,1,1,0,0,1,1,0,0,0,0,0,0,0,0,1,1,0,1,1,1,0,0,0,0,0,1,0,1,1,0,1,0,1,1,0,0,1,0,1,0,0,0,0,1,0,0,1,1,0,0,0,1,1,1,0,0,1,1,0,0,0,0,0,1,1,0,1,1,0,0,0,0,0,0,0,0,0,1,0,0,1,1,0,1,1,1,0,0,1,0,1,0,0,1,1,0,1,0,0,0,0,1,0,1,0,1,0,0,1,1,0,1,0,0,1,0,0,0,1,1,1,1,0,1,1,0,1,1,1,0,0,0,1,0,0,0,0,0,1,1,0,0,0,0,0,1,0,0,0,1,1,1,1,1,0,0,0,1,1,1,0,1,1,0,1,1,0,1,1,1,0,0,1,0,0,1,1,0,0,1,1,1,0,0,0,1,1,0,1,0,0,0,0,1,0,1,0,0,1,1,0,0,0,1,0,0,1,1,0,0,1,1,1,0,0,1,0,0,0,0,0,1,0,0,1,0,0,0,1,1,1,1,1,1,0,1,0,1,0,1,0,1,0,1,0,0,1,0,0,1,0,0,0,0,1,0,0,0,1,0,1,0,1,0,0,1,0,0,0,1,0,0,1,1,1,1,1,0,0,0,0,0,0,1,0,0,0,1,1,1,1,0,0,1,0,1,1,0,1,0,1,0,1,1,0,0,0,1,0,0,1,0,0,0,0,1,0,1,0,0,0,1,1,0,0,0,0,0,0,1,0,0,1,0,1,0,1,0,0,0,0,0,1,0,1,1
0,0,0,1,0,1,1,0,0,0,0,0,0,0,0,1,0,1,0,0,1,1,0,1,1,1,1,0,0,0,1,1,1,0,0,0,0,1,1,1,0,0,0,0,1,0,1,0,1,0,0,0,1,1,0,0,1,0,1,1,1,0,0,1,1,0,1,0,0,1,0,1,0,0,0,1,0,0,0,0,1,0,1,0,1,1,1,0,1,1,0,0,1,0,0,1,1,0,0,1,1,0,1,0,0,0,1,1,0,0,0,1,1,0,0,1,1,0,0,0,1,0,0,0,0,1,0,0,1,1,1,0,0,0,1,0,1,0,0,1,1,0,0,1,1,1,1,0,1,0,0,0,1,0,1,1,1,1,1,0,0,0,1,1,1,0,0,1,1,0,0,0,0,0,1,1,0,0,1,0,0,0,0,0,0,0,0,0,1,0,0,1,1,1,1,1,1,0,0,1,0,0,0,0,1,1,0,1,0,0,0,0,1,0,1,0,1,0,0,1,1,0,0,0,0,1,0,0,0,0,1,1,1,0,0,0,0,1,0,1,0,0,0,1,1,0,0,0,1,1,1,0,0,0,0,0,1,0,0,0,1,0,1,1,1,0,0,0,1,1,1,0,1,1,0,1,0,0,0,1,0,0,0,1,0,0,1,1,0,0,0,1,1,1,0,0,1,0,1,1,0,0,1,0,1,0,1,0,0,1,1,0,0,0,0,0,0,1,1,0,0,1,0,1,0,0,1,0,0,0,0,0,1,0,0,1,0,0,0,1,1,1,1,0,1,0,1,0,1,1,1,0,1,0,1,0,0,1,0,1,1,0,0,0,0,1,0,0,0,1,0,1,0,1,1,0,1,0,0,0,1,0,0,1,1,0,0,1,0,0,0,1,0,0,1,0,0,0,1,0,1,1,0,0,0,0,1,1,0,0,0,1,0,1,1,0,0,0,1,0,0,1,0,0,0,0,0,1,1,0,0,0,1,1,0,1,0,0,0,0,1,0,0,0,0,0,0,1,1,0,0,0,0,1,0,1,1

              precision    recall  f1-score   support

    Relevant       0.86      0.88      0.87       265
  Irrelevant       0.83      0.80      0.81       192

    accuracy                           0.85       457
   macro avg       0.84      0.84      0.84       457
weighted avg       0.85      0.85      0.85       457
