Accuracy|Precision|Recall|F1 score|Kappa|ROC AUC|
0.8643326039387309|0.8350515463917526|0.84375|0.8393782383419689|0.7219594528290778|0.9297955974842768

0,0,0,1,0,1,1,0,0,0,0,0,1,0,1,1,0,1,0,0,1,1,1,1,0,1,0,0,0,0,1,1,0,0,1,0,1,0,1,1,0,0,0,0,1,0,1,0,1,0,0,0,1,1,1,0,1,0,1,1,1,0,1,1,1,0,1,0,0,1,0,1,0,0,0,0,0,0,0,0,1,0,1,0,1,0,0,0,0,1,0,0,1,0,0,1,1,0,0,1,1,0,0,0,1,0,1,0,1,0,0,1,1,0,0,1,1,0,0,0,0,0,0,0,0,1,1,0,1,1,1,0,0,0,0,0,1,0,1,1,0,1,0,1,1,0,0,1,0,1,0,0,0,0,1,0,0,1,1,0,0,0,1,1,1,0,0,1,1,0,0,0,0,0,1,1,0,1,1,0,0,0,0,0,0,0,0,0,1,0,0,1,1,0,1,1,1,0,0,1,0,1,0,0,1,1,0,1,0,0,0,0,1,0,1,0,1,0,0,1,1,0,1,0,0,1,0,0,0,1,1,1,1,0,1,1,0,1,1,1,0,0,0,1,0,0,0,0,0,1,1,0,0,0,0,0,1,0,0,0,1,1,1,1,1,0,0,0,1,1,1,0,1,1,0,1,1,0,1,1,1,0,0,1,0,0,1,1,0,0,1,1,1,0,0,0,1,1,0,1,0,0,0,0,1,0,1,0,0,1,1,0,0,0,1,0,0,1,1,0,0,1,1,1,0,0,1,0,0,0,0,0,1,0,0,1,0,0,0,1,1,1,1,1,1,0,1,0,1,0,1,0,1,0,1,0,0,1,0,0,1,0,0,0,0,1,0,0,0,1,0,1,0,1,0,0,1,0,0,0,1,0,0,1,1,1,1,1,0,0,0,0,0,0,1,0,0,0,1,1,1,1,0,0,1,0,1,1,0,1,0,1,0,1,1,0,0,0,1,0,0,1,0,0,0,0,1,0,1,0,0,0,1,1,0,0,0,0,0,0,1,0,0,1,0,1,0,1,0,0,0,0,0,1,0,1,1
0,0,0,1,0,1,1,0,0,0,0,0,0,1,0,1,0,1,0,0,1,1,1,1,1,1,0,0,0,0,1,1,0,0,0,0,1,0,1,1,0,1,0,0,1,0,0,0,1,0,0,0,1,1,0,0,1,0,1,1,1,0,0,1,1,0,1,0,0,1,0,1,0,0,0,0,0,0,1,0,1,0,1,0,1,0,1,0,0,1,0,0,1,0,0,1,1,0,0,1,1,0,0,1,1,0,0,0,1,0,0,1,1,0,0,1,1,0,0,1,0,0,0,0,0,1,1,0,1,0,1,0,0,0,0,0,0,0,1,1,0,1,0,0,1,0,1,0,0,1,1,0,1,1,1,0,0,1,0,0,0,0,1,1,0,0,0,1,1,0,0,0,0,0,1,1,0,0,1,0,0,0,0,0,0,0,0,0,1,0,0,1,1,1,1,1,1,0,0,1,1,1,0,0,1,1,0,1,0,0,0,0,1,0,1,0,1,0,0,1,1,0,1,0,1,1,1,0,1,1,1,1,1,0,1,1,0,1,1,1,0,0,0,1,0,0,0,0,0,1,0,0,0,0,0,0,1,0,0,1,1,1,0,1,1,0,0,0,1,1,1,0,1,1,0,1,0,0,1,1,0,0,0,1,0,0,1,1,0,0,1,1,1,0,0,1,1,0,1,0,1,0,0,0,1,0,1,0,0,1,1,1,0,0,1,0,1,0,1,0,0,1,1,0,0,0,1,0,0,0,0,1,1,0,0,1,0,0,0,1,1,1,1,1,1,0,1,0,1,1,1,0,1,0,1,0,0,1,0,0,1,0,0,1,0,1,1,0,0,1,0,1,0,1,0,0,1,0,0,0,1,0,0,1,1,0,1,1,1,0,0,0,0,0,1,0,0,0,1,0,1,1,0,1,0,1,0,1,0,0,1,1,0,1,1,1,0,0,1,0,0,1,0,1,0,0,0,0,1,0,0,0,1,1,0,0,0,0,0,0,1,0,0,0,0,1,0,1,0,0,0,0,0,1,0,1,0

              precision    recall  f1-score   support

    Relevant       0.89      0.88      0.88       265
  Irrelevant       0.84      0.84      0.84       192

    accuracy                           0.86       457
   macro avg       0.86      0.86      0.86       457
weighted avg       0.86      0.86      0.86       457
