Accuracy|Precision|Recall|F1 score|Kappa|ROC AUC|
0.9059080962800875|0.8983957219251337|0.875|0.8865435356200528|0.8061935992899059|0.959748427672956

0,0,0,1,0,1,1,0,0,0,0,0,1,0,1,1,0,1,0,0,1,1,1,1,0,1,0,0,0,0,1,1,0,0,1,0,1,0,1,1,0,0,0,0,1,0,1,0,1,0,0,0,1,1,1,0,1,0,1,1,1,0,1,1,1,0,1,0,0,1,0,1,0,0,0,0,0,0,0,0,1,0,1,0,1,0,0,0,0,1,0,0,1,0,0,1,1,0,0,1,1,0,0,0,1,0,1,0,1,0,0,1,1,0,0,1,1,0,0,0,0,0,0,0,0,1,1,0,1,1,1,0,0,0,0,0,1,0,1,1,0,1,0,1,1,0,0,1,0,1,0,0,0,0,1,0,0,1,1,0,0,0,1,1,1,0,0,1,1,0,0,0,0,0,1,1,0,1,1,0,0,0,0,0,0,0,0,0,1,0,0,1,1,0,1,1,1,0,0,1,0,1,0,0,1,1,0,1,0,0,0,0,1,0,1,0,1,0,0,1,1,0,1,0,0,1,0,0,0,1,1,1,1,0,1,1,0,1,1,1,0,0,0,1,0,0,0,0,0,1,1,0,0,0,0,0,1,0,0,0,1,1,1,1,1,0,0,0,1,1,1,0,1,1,0,1,1,0,1,1,1,0,0,1,0,0,1,1,0,0,1,1,1,0,0,0,1,1,0,1,0,0,0,0,1,0,1,0,0,1,1,0,0,0,1,0,0,1,1,0,0,1,1,1,0,0,1,0,0,0,0,0,1,0,0,1,0,0,0,1,1,1,1,1,1,0,1,0,1,0,1,0,1,0,1,0,0,1,0,0,1,0,0,0,0,1,0,0,0,1,0,1,0,1,0,0,1,0,0,0,1,0,0,1,1,1,1,1,0,0,0,0,0,0,1,0,0,0,1,1,1,1,0,0,1,0,1,1,0,1,0,1,0,1,1,0,0,0,1,0,0,1,0,0,0,0,1,0,1,0,0,0,1,1,0,0,0,0,0,0,1,0,0,1,0,1,0,1,0,0,0,0,0,1,0,1,1
0,0,0,1,0,1,1,0,0,0,0,0,0,0,0,1,0,1,0,0,1,1,0,1,0,1,0,0,0,0,1,1,0,0,0,0,1,0,1,1,0,0,0,0,1,0,1,0,1,0,0,0,1,1,0,0,1,0,1,1,1,0,0,1,1,0,1,0,0,1,0,1,0,0,0,0,0,0,0,0,1,0,1,0,1,1,1,0,1,1,0,0,1,0,0,1,1,0,0,1,1,0,1,0,0,0,1,1,1,0,0,1,1,0,0,1,1,0,0,0,0,0,0,0,0,1,1,0,1,1,1,0,0,0,0,0,1,0,1,1,0,0,0,1,1,0,1,0,0,1,0,0,1,1,1,1,0,1,1,0,0,0,1,1,1,0,0,1,1,0,0,0,0,0,1,1,0,0,1,0,0,0,0,0,0,0,0,0,1,0,0,1,1,1,1,1,1,0,0,1,0,1,0,0,1,1,0,1,0,0,0,0,1,0,1,0,1,0,0,1,1,0,1,0,1,1,0,0,0,0,1,1,1,0,0,1,0,1,1,1,0,0,0,1,0,0,0,0,1,1,1,0,0,0,0,0,1,0,0,0,1,1,1,1,1,0,0,0,1,1,1,0,1,1,0,1,0,0,0,1,0,0,0,1,0,0,1,1,0,0,1,1,1,0,0,0,1,0,0,1,0,0,1,0,1,0,1,0,0,1,1,0,0,0,0,0,0,1,1,0,0,1,1,1,0,0,1,0,0,0,0,0,1,0,0,1,0,0,0,1,1,1,1,0,1,0,1,0,1,1,1,0,1,0,1,0,0,1,0,0,1,0,0,0,0,1,0,0,0,1,0,1,0,1,1,0,1,0,0,0,1,0,0,1,1,1,1,1,0,0,0,1,0,0,1,0,0,0,1,0,1,1,0,1,1,0,1,1,0,0,0,1,0,1,1,0,0,0,1,0,1,1,0,1,0,0,0,0,1,0,0,0,1,1,0,0,0,0,0,0,1,0,0,0,0,0,0,1,0,0,0,0,0,1,0,1,0

              precision    recall  f1-score   support

    Relevant       0.91      0.93      0.92       265
  Irrelevant       0.90      0.88      0.89       192

    accuracy                           0.91       457
   macro avg       0.90      0.90      0.90       457
weighted avg       0.91      0.91      0.91       457
