Accuracy|Precision|Recall|F1 score|Kappa|ROC AUC|
0.8905908096280087|0.865979381443299|0.875|0.8704663212435233|0.7757737522815144|0.9446540880503145

0,0,0,1,0,1,1,0,0,0,0,0,1,0,1,1,0,1,0,0,1,1,1,1,0,1,0,0,0,0,1,1,0,0,1,0,1,0,1,1,0,0,0,0,1,0,1,0,1,0,0,0,1,1,1,0,1,0,1,1,1,0,1,1,1,0,1,0,0,1,0,1,0,0,0,0,0,0,0,0,1,0,1,0,1,0,0,0,0,1,0,0,1,0,0,1,1,0,0,1,1,0,0,0,1,0,1,0,1,0,0,1,1,0,0,1,1,0,0,0,0,0,0,0,0,1,1,0,1,1,1,0,0,0,0,0,1,0,1,1,0,1,0,1,1,0,0,1,0,1,0,0,0,0,1,0,0,1,1,0,0,0,1,1,1,0,0,1,1,0,0,0,0,0,1,1,0,1,1,0,0,0,0,0,0,0,0,0,1,0,0,1,1,0,1,1,1,0,0,1,0,1,0,0,1,1,0,1,0,0,0,0,1,0,1,0,1,0,0,1,1,0,1,0,0,1,0,0,0,1,1,1,1,0,1,1,0,1,1,1,0,0,0,1,0,0,0,0,0,1,1,0,0,0,0,0,1,0,0,0,1,1,1,1,1,0,0,0,1,1,1,0,1,1,0,1,1,0,1,1,1,0,0,1,0,0,1,1,0,0,1,1,1,0,0,0,1,1,0,1,0,0,0,0,1,0,1,0,0,1,1,0,0,0,1,0,0,1,1,0,0,1,1,1,0,0,1,0,0,0,0,0,1,0,0,1,0,0,0,1,1,1,1,1,1,0,1,0,1,0,1,0,1,0,1,0,0,1,0,0,1,0,0,0,0,1,0,0,0,1,0,1,0,1,0,0,1,0,0,0,1,0,0,1,1,1,1,1,0,0,0,0,0,0,1,0,0,0,1,1,1,1,0,0,1,0,1,1,0,1,0,1,0,1,1,0,0,0,1,0,0,1,0,0,0,0,1,0,1,0,0,0,1,1,0,0,0,0,0,0,1,0,0,1,0,1,0,1,0,0,0,0,0,1,0,1,1
0,0,0,1,0,1,1,0,0,0,0,0,0,0,0,1,0,1,0,0,1,1,0,1,0,1,0,0,0,0,1,1,0,0,1,0,1,0,1,1,0,0,0,1,1,0,1,0,1,0,0,0,1,1,0,0,1,0,1,1,1,0,0,1,1,0,1,0,0,1,0,1,0,0,0,0,0,0,0,0,1,0,1,0,1,1,0,0,0,1,0,0,1,0,0,1,1,0,0,1,1,0,1,0,0,0,0,1,1,0,0,1,1,0,0,1,1,0,0,0,0,0,0,0,1,1,1,0,1,1,1,0,0,0,0,0,1,0,1,1,1,0,0,1,1,1,1,1,0,0,0,0,1,0,1,1,0,1,1,1,0,0,1,1,1,0,0,1,1,0,0,0,0,1,1,1,0,0,1,0,1,0,0,0,0,0,0,0,1,0,0,1,1,1,1,1,1,0,0,1,1,1,0,0,1,1,0,1,0,0,0,0,1,0,1,0,1,0,0,1,1,0,1,0,0,1,0,0,0,0,1,1,1,0,0,1,0,1,0,1,0,0,0,1,1,0,0,0,0,1,1,0,0,0,0,0,1,0,0,0,1,1,1,1,1,0,0,0,1,1,1,0,1,1,0,1,0,0,0,1,0,0,0,1,0,0,1,1,0,0,1,1,1,0,0,0,1,0,0,1,0,0,1,0,1,0,1,0,0,1,1,0,0,0,0,0,0,1,1,0,0,1,1,1,0,0,1,0,0,0,0,0,1,0,0,1,0,0,0,1,1,1,1,0,1,0,1,0,1,1,1,0,1,0,1,0,1,1,1,0,1,0,0,0,0,1,0,0,0,1,0,1,0,1,1,0,1,0,0,0,1,0,0,1,1,1,0,1,0,0,0,1,0,0,1,0,0,0,1,0,1,1,0,0,1,0,1,1,0,0,0,1,0,1,1,0,0,0,1,0,1,1,0,0,0,0,1,1,1,0,0,1,1,0,0,0,0,0,0,0,1,0,0,1,0,0,0,1,1,0,0,0,0,1,0,1,1

              precision    recall  f1-score   support

    Relevant       0.91      0.90      0.91       265
  Irrelevant       0.87      0.88      0.87       192

    accuracy                           0.89       457
   macro avg       0.89      0.89      0.89       457
weighted avg       0.89      0.89      0.89       457
